0.0
0.0004963874816894531
0.0
0.0
0.0
0.0
0.0
0.0004975795745849609
0.0
0.0
0.0
0.0
0.0
0.0
0.0
0.0004966259002685547
0.0
0.001001119613647461
0.0
0.0
0.0004968643188476562
0.0
0.0
0.0
0.0
0.0
0.0
0.0004968643188476562
0.0
0.0
0.0
0.0
0.0
0.0
0.0
0.0
0.0004966259002685547
0.0
0.0
0.0004971027374267578
0.0
0.0
0.0
0.0
0.0004971027374267578
0.0
0.0004968643188476562
0.0
0.0
0.0004963874816894531
0.0
0.0
0.0
0.0
0.0
0.0
0.0
0.0
0.0004966259002685547
0.0
0.0
0.0
0.0
0.0
0.0
0.0
0.0
0.0
0.0
0.0
0.0
0.0
0.0
0.0
0.0
0.0
0.0
0.0
0.0
0.0004963874816894531
0.0
0.0
0.0004968643188476562
0.0
0.0
0.0004968643188476562
0.0
0.0
0.0
0.0
0.0
0.0
0.0
0.0004966259002685547
0.0
0.0
0.0
0.0004968643188476562
0.0
0.0
0.0
0.0
0.0
0.0
0.0
0.0
0.0
0.0
0.0
0.0
0.0
0.0
0.0
0.0
0.0
0.0
0.0
0.0
0.0
0.0004971027374267578
0.0
0.0
0.0
0.0
0.0
0.0
0.0004985332489013672
0.0004940032958984375
0.0
0.0
0.0
0.0
0.0
0.0
0.0
0.0
0.0
0.0004968643188476562
0.0
0.0
0.0
0.0004973411560058594
0.0
0.0
0.0
0.0
0.0
0.0
0.0
0.0
0.0
0.0
0.0
0.0
0.0
0.0
0.0
0.0
0.0004975795745849609
0.0
0.0
0.0004973411560058594
0.0004966259002685547
0.0
0.0
0.0
0.0004966259002685547
0.0
0.0
0.0004968643188476562
0.0
0.0
0.0
0.0
0.0
0.0
0.0
0.0
0.0
0.0
0.0
0.0004973411560058594
0.0
0.0
0.0
0.0004966259002685547
0.0
0.0
0.0
0.0004968643188476562
0.0
0.0
0.0
0.0004973411560058594
0.0
0.0
0.0
0.0
0.0004966259002685547
0.0
0.0
0.0
0.0
0.0
0.0
0.0
0.0
0.0
0.0
0.0
0.0
0.0
0.0
0.0
0.0
0.0004968643188476562
0.0004961490631103516
0.0
Average: 0.00008