0.04004788398742676
0.01746821403503418
0.017412900924682617
0.06617236137390137
0.023331403732299805
0.02317976951599121
0.01819157600402832
0.01734757423400879
0.0220491886138916
0.0254056453704834
0.02791118621826172
0.021413087844848633
0.025931119918823242
0.023418188095092773
0.02095341682434082
0.025450944900512695
0.026121854782104492
0.022843360900878906
0.02157139778137207
0.01941990852355957
0.022779464721679688
0.022221088409423828
0.020967960357666016
0.024918794631958008
0.022322416305541992
0.020543813705444336
0.022409677505493164
0.022505998611450195
0.022794723510742188
0.024203777313232422
0.023422956466674805
0.022406578063964844
0.02190542221069336
0.024419069290161133
0.025086164474487305
0.030196189880371094
0.021904945373535156
0.02224421501159668
0.025312423706054688
0.022260427474975586
0.023265361785888672
0.031858205795288086
0.024445295333862305
0.02090930938720703
0.022874116897583008
0.02315044403076172
0.02483391761779785
0.02364206314086914
0.022902488708496094
0.024396419525146484
0.021166086196899414
0.022920846939086914
0.025058984756469727
0.021844148635864258
0.021102190017700195
0.022835493087768555
0.023442745208740234
0.02430558204650879
0.021412134170532227
0.02290821075439453
0.02540731430053711
0.028226137161254883
0.026005983352661133
0.02319931983947754
0.020879745483398438
0.023900747299194336
0.023113727569580078
0.023652315139770508
0.022408008575439453
0.020907878875732422
0.024603843688964844
0.022869586944580078
0.023078203201293945
0.024518966674804688
0.025461435317993164
0.02317214012145996
0.0233767032623291
0.030385732650756836
0.024615049362182617
0.02398204803466797
0.025169849395751953
0.02578568458557129
0.022272348403930664
0.023523569107055664
0.024234533309936523
0.024753808975219727
0.030016183853149414
0.03399348258972168
0.022647380828857422
0.022399187088012695
0.020493507385253906
0.021573543548583984
0.02343130111694336
0.018531322479248047
0.023102760314941406
0.019646883010864258
0.017163991928100586
0.018479347229003906
0.021062612533569336
0.023006439208984375
0.0303955078125
0.02588796615600586
0.025910139083862305
0.02194070816040039
0.023609638214111328
0.02739715576171875
0.020953893661499023
0.022184133529663086
0.02289891242980957
0.022105693817138672
0.01831531524658203
0.016299009323120117
0.01534891128540039
0.01901555061340332
0.020578384399414062
0.030549049377441406
0.032381296157836914
0.02541804313659668
0.024398088455200195
0.023617982864379883
0.021410226821899414
0.02140641212463379
0.026277780532836914
0.023659467697143555
0.023321151733398438
0.024101734161376953
0.02894878387451172
0.031271934509277344
0.028192996978759766
0.025422334671020508
0.023407697677612305
0.026075124740600586
0.025925874710083008
0.021625280380249023
0.020924806594848633
0.01851201057434082
0.016999483108520508
0.015990257263183594
0.017481088638305664
0.018048524856567383
0.015565872192382812
0.016426563262939453
0.017429351806640625
0.022400379180908203
0.022806644439697266
0.02313971519470215
0.021300315856933594
0.024452686309814453
0.024922609329223633
0.022032976150512695
0.027051687240600586
0.026933670043945312
0.023099899291992188
0.021480560302734375
0.0217132568359375
0.02135467529296875
0.01700758934020996
0.029972076416015625
0.01713085174560547
0.026023387908935547
0.02988290786743164
0.029329538345336914
0.02275538444519043
0.029387950897216797
0.023556232452392578
0.02090930938720703
0.026382923126220703
0.027237653732299805
0.026323318481445312
0.01891350746154785
0.02847743034362793
0.024127721786499023
0.025411605834960938
0.02891826629638672
0.023422956466674805
0.023923158645629883
0.021945714950561523
0.024150609970092773
0.02467036247253418
0.023402690887451172
0.023662805557250977
0.028427839279174805
0.02478623390197754
0.021405935287475586
0.024532318115234375
0.021080493927001953
0.02446269989013672
0.018068790435791016
0.016979217529296875
0.03310894966125488
0.019524097442626953
0.02395153045654297
0.029068470001220703
0.022786378860473633
0.016794443130493164
0.02631545066833496
0.02496647834777832
0.023905515670776367
0.025328397750854492
0.02092576026916504
0.018811464309692383
0.016695261001586914
0.02054119110107422
0.024974822998046875
0.022997379302978516
0.026085615158081055
0.025344133377075195
0.019536972045898438
0.01763916015625
0.026551008224487305
0.024920940399169922
0.022398948669433594
0.023632526397705078
0.022920608520507812
0.025599002838134766
0.026886940002441406
0.025382518768310547
0.025660037994384766
0.02705669403076172
0.02055644989013672
0.023449182510375977
0.02344226837158203
0.024044513702392578
0.023549318313598633
0.01996159553527832
0.01692795753479004
0.01752495765686035
0.021655797958374023
0.03184103965759277
0.027678966522216797
0.02403426170349121
0.024686098098754883
0.021914958953857422
0.029428482055664062
0.02066826820373535
0.01833057403564453
0.021409034729003906
0.02158832550048828
0.022531509399414062
0.02981710433959961
0.023265361785888672
0.027242660522460938
0.021902084350585938
0.026259660720825195
0.022915124893188477
0.02194976806640625
0.024389266967773438
0.023280620574951172
0.023612499237060547
0.025134801864624023
0.022343158721923828
0.01909923553466797
0.02546405792236328
0.022996187210083008
0.020929813385009766
0.023195981979370117
0.022319793701171875
0.023911714553833008
0.031165599822998047
0.022931575775146484
0.02113509178161621
0.02517843246459961
0.030894041061401367
0.027473926544189453
0.02400970458984375
0.024598360061645508
0.023421049118041992
0.022050142288208008
0.02554774284362793
0.022861719131469727
0.02543163299560547
0.02569890022277832
0.021441936492919922
0.02360224723815918
0.018439531326293945
0.021923065185546875
0.015075445175170898
0.021932363510131836
0.025945186614990234
0.023158788681030273
0.028189897537231445
0.026833772659301758
0.026955604553222656
0.027738094329833984
0.02640509605407715
0.028499841690063477
0.02362537384033203
0.023481369018554688
0.02792525291442871
0.022401094436645508
0.024668216705322266
0.02493596076965332
0.02390146255493164
0.025269031524658203
0.027366161346435547
0.022396564483642578
0.028503894805908203
0.021409273147583008
0.023675918579101562
0.02646780014038086
0.017414093017578125
0.021794557571411133
0.0227963924407959
0.018369674682617188
0.02178215980529785
0.02763986587524414
0.020468950271606445
0.02562856674194336
0.025891780853271484
0.02683234214782715
0.026648521423339844
0.024239301681518555
0.02691197395324707
0.02531576156616211
0.03130459785461426
0.021022558212280273
0.01915144920349121
0.024821043014526367
0.02491593360900879
0.027583599090576172
0.0269162654876709
0.030465364456176758
0.025064706802368164
0.02781963348388672
0.025876283645629883
0.02398514747619629
0.021461963653564453
0.026791810989379883
0.024186372756958008
0.027560710906982422
0.023913145065307617
0.022943735122680664
0.027530908584594727
0.020186662673950195
0.02380657196044922
0.023589372634887695
0.028164148330688477
0.02553582191467285
0.025462865829467773
0.02357649803161621
0.021944522857666016
0.020511388778686523
0.022887229919433594
0.02263617515563965
0.024306297302246094
0.02889084815979004
0.02528548240661621
0.02714705467224121
0.025650978088378906
0.02240610122680664
0.02183222770690918
0.027408123016357422
0.024025440216064453
0.02548813819885254
0.021467208862304688
0.02390146255493164
0.027435302734375
0.02564239501953125
0.023410797119140625
0.021924734115600586
0.0247189998626709
0.024686098098754883
0.023366451263427734
0.02559971809387207
0.025828838348388672
0.022374868392944336
0.02439737319946289
0.024990320205688477
0.024003982543945312
0.022240161895751953
0.02129983901977539
0.025812149047851562
0.023863554000854492
0.02640080451965332
0.023181438446044922
0.020941972732543945
0.021437644958496094
0.023049116134643555
0.02337026596069336
0.015556097030639648
0.024408578872680664
0.021446704864501953
0.02326512336730957
0.03173995018005371
0.022551774978637695
0.024310588836669922
0.02937483787536621
0.02167344093322754
0.027034521102905273
0.026015520095825195
0.022394418716430664
0.024487018585205078
0.02292346954345703
0.020033597946166992
0.021919965744018555
0.021874427795410156
0.02340865135192871
0.02300715446472168
0.023425817489624023
0.024177074432373047
0.022442102432250977
0.020496368408203125
0.02140498161315918
0.02682209014892578
0.020785808563232422
0.01992487907409668
0.020355701446533203
0.021484851837158203
0.02512669563293457
0.023569583892822266
0.022464990615844727
0.0250244140625
0.021450281143188477
0.024515628814697266
0.02448248863220215
0.01787590980529785
0.0358123779296875
0.021531343460083008
0.024919748306274414
0.021960973739624023
0.027016162872314453
0.023990631103515625
0.02512192726135254
0.024425506591796875
0.019520998001098633
0.02068638801574707
0.024973154067993164
0.02563023567199707
0.02129197120666504
0.015969276428222656
0.01656198501586914
0.017416000366210938
0.02640509605407715
0.023955106735229492
0.023076534271240234
0.020923137664794922
0.024821758270263672
0.025942564010620117
0.02420639991760254
0.023423433303833008
0.02193284034729004
0.02140951156616211
0.022952795028686523
0.023428916931152344
0.026355743408203125
0.026161909103393555
0.025981903076171875
0.02545332908630371
0.02479696273803711
0.02841639518737793
0.020415067672729492
0.022513628005981445
0.02652573585510254
0.024617671966552734
0.02190685272216797
0.02149486541748047
0.021181106567382812
0.022866010665893555
0.022895336151123047
0.02364659309387207
0.023092031478881836
0.026403188705444336
0.02202916145324707
0.02392101287841797
0.024408340454101562
0.024386882781982422
0.022428274154663086
0.02548956871032715
0.021983861923217773
0.024386882781982422
0.0229032039642334
0.025127887725830078
0.02303338050842285
0.02496647834777832
0.0253908634185791
0.025772571563720703
0.02402639389038086
0.023317575454711914
0.021792888641357422
0.024127721786499023
0.026479005813598633
0.023549318313598633
0.021597623825073242
0.02455449104309082
0.021400928497314453
0.020963668823242188
0.02772808074951172
0.025630474090576172
0.024535179138183594
0.02541065216064453
0.02582526206970215
0.02591562271118164
0.02390575408935547
0.022660255432128906
0.02818918228149414
0.021245718002319336
0.026174545288085938
0.016051769256591797
0.01929616928100586
0.025949478149414062
0.029751300811767578
0.02241969108581543
0.02297186851501465
0.024390220642089844
0.022385597229003906
0.020262479782104492
0.026305198669433594
0.02062392234802246
0.026995420455932617
0.02385234832763672
0.016433000564575195
0.02296280860900879
0.026577472686767578
0.022868871688842773
0.024134397506713867
0.021908283233642578
0.027973413467407227
0.023400545120239258
0.026355504989624023
0.023688077926635742
0.02464008331298828
0.025892257690429688
0.02431941032409668
0.024610042572021484
0.02233409881591797
0.024623870849609375
0.024420499801635742
0.02280879020690918
0.021467924118041992
0.022114038467407227
0.02242732048034668
0.020532846450805664
0.02134251594543457
0.017694950103759766
0.027112722396850586
0.022791147232055664
0.025389432907104492
0.027901887893676758
0.023104190826416016
0.026035785675048828
0.020892620086669922
0.023644685745239258
0.022478580474853516
0.021987438201904297
0.024387121200561523
0.025610923767089844
0.024921655654907227
0.026453018188476562
0.021045684814453125
0.02248859405517578
0.02451920509338379
0.02638387680053711
0.020926713943481445
0.021739482879638672
0.023169279098510742
0.02441120147705078
0.02085709571838379
0.02174663543701172
0.01804518699645996
0.02251720428466797
0.02430105209350586
0.023917198181152344
0.023430824279785156
0.02650761604309082
0.02990555763244629
0.02634406089782715
0.028387069702148438
0.02446889877319336
0.0175478458404541
0.026900529861450195
0.021493196487426758
0.022409439086914062
0.026378870010375977
0.020473241806030273
0.027094364166259766
0.02364492416381836
0.02409505844116211
0.022952795028686523
0.02275228500366211
0.01887059211730957
0.019915103912353516
0.02630162239074707
0.02241826057434082
0.02300262451171875
0.02198052406311035
0.027389049530029297
0.02294015884399414
0.022900819778442383
0.02640700340270996
0.026185035705566406
0.02396845817565918
0.024921178817749023
0.016865253448486328
0.030019044876098633
0.022931575775146484
0.024900197982788086
0.02445054054260254
0.024394750595092773
0.025387048721313477
0.022751331329345703
0.026876449584960938
0.02790665626525879
0.029654979705810547
0.024504423141479492
0.024626731872558594
0.02352452278137207
0.022826671600341797
0.0239715576171875
0.023342132568359375
0.029129743576049805
0.024575233459472656
0.026591062545776367
0.024712324142456055
0.021764516830444336
0.023042917251586914
0.024461030960083008
0.024490833282470703
0.025672197341918945
0.024509191513061523
0.021532297134399414
0.01908731460571289
0.01952838897705078
0.019527196884155273
0.03374814987182617
0.024478673934936523
0.023929357528686523
0.023937225341796875
0.02426743507385254
0.021482467651367188
0.022327899932861328
0.02262282371520996
0.022345781326293945
0.017506122589111328
0.021084308624267578
0.02340531349182129
0.022440195083618164
0.0209352970123291
0.02393484115600586
0.0156862735748291
0.01656365394592285
0.028156280517578125
0.02152228355407715
0.022931575775146484
0.022983074188232422
0.022432327270507812
0.025502920150756836
0.023926973342895508
0.023057222366333008
0.021440982818603516
0.025570154190063477
0.02140665054321289
0.025398731231689453
0.023584842681884766
0.024561405181884766
0.023424386978149414
0.020981311798095703
0.01991128921508789
0.018098831176757812
0.026293039321899414
0.019533157348632812
0.0269625186920166
0.025452375411987305
0.023908615112304688
0.027054786682128906
0.021922588348388672
0.024911880493164062
0.02391791343688965
0.0248260498046875
0.02291083335876465
0.019596099853515625
0.028370141983032227
0.018419742584228516
0.027532100677490234
0.02272629737854004
0.029605865478515625
0.025472640991210938
0.02744603157043457
0.023952245712280273
0.02154374122619629
0.026897192001342773
0.028879404067993164
0.021950483322143555
0.02318120002746582
0.021400928497314453
0.02380657196044922
0.030083894729614258
0.022321224212646484
0.02421426773071289
0.022447824478149414
0.028057098388671875
0.022928237915039062
0.022403240203857422
0.022426128387451172
0.022257328033447266
0.03138256072998047
0.024385929107666016
0.024710416793823242
0.026325464248657227
0.024430513381958008
0.02347707748413086
0.024396419525146484
0.014888525009155273
0.02279973030090332
0.021960735321044922
0.021212339401245117
0.02736520767211914
0.023889780044555664
0.02533245086669922
0.02435779571533203
0.02268075942993164
0.023050308227539062
0.02194809913635254
0.02305436134338379
0.022839784622192383
0.02210259437561035
0.02152729034423828
0.02348947525024414
0.02407217025756836
0.025296449661254883
0.02503180503845215
0.02390432357788086
0.028374910354614258
0.03291916847229004
0.029879093170166016
0.02692556381225586
0.0229799747467041
0.024532079696655273
0.022192716598510742
0.024832963943481445
0.02345895767211914
0.022943973541259766
0.025462865829467773
0.02301311492919922
0.024940013885498047
0.0216524600982666
0.02341628074645996
0.023804903030395508
0.020987749099731445
0.03061962127685547
0.023316144943237305
0.026390552520751953
0.022022008895874023
0.02588510513305664
0.024245500564575195
0.025176525115966797
0.02389669418334961
0.025119781494140625
0.024424314498901367
0.026787519454956055
0.024904966354370117
0.022226810455322266
0.022915124893188477
0.024436235427856445
0.025885820388793945
0.02288532257080078
0.023874282836914062
0.02436995506286621
0.015436172485351562
0.017007112503051758
0.016506433486938477
0.027426958084106445
0.020482301712036133
0.022928953170776367
0.023583173751831055
0.02592921257019043
0.02439713478088379
0.02587413787841797
0.021145105361938477
0.022661685943603516
0.021855831146240234
0.02393174171447754
0.02950906753540039
0.024039745330810547
0.025581836700439453
0.020966529846191406
0.027193069458007812
0.022821664810180664
0.023396968841552734
0.022922754287719727
0.021431684494018555
0.02054882049560547
0.024909257888793945
0.02115345001220703
0.024379730224609375
0.020923137664794922
0.02794194221496582
0.021778106689453125
0.021930456161499023
0.02311110496520996
0.021849393844604492
0.020025968551635742
0.019921541213989258
0.02242255210876465
0.02237081527709961
0.019434690475463867
0.021107196807861328
0.018082380294799805
0.018075227737426758
0.017081499099731445
0.02140665054321289
0.021279573440551758
0.02189350128173828
0.018016815185546875
0.02029132843017578
0.02574777603149414
0.021966934204101562
0.025932788848876953
0.029377222061157227
0.022171735763549805
0.02439713478088379
0.022447586059570312
0.019956111907958984
0.021015167236328125
0.022488117218017578
0.02417898178100586
0.026662588119506836
0.02682805061340332
0.022471189498901367
0.02491307258605957
0.024592161178588867
0.02273416519165039
0.025403261184692383
0.023534536361694336
0.02490377426147461
0.022034168243408203
0.024982690811157227
0.0230710506439209
0.01755356788635254
0.021029949188232422
0.017673730850219727
0.016930580139160156
0.02084970474243164
0.020221233367919922
0.024892330169677734
0.02252364158630371
0.02395939826965332
0.02098870277404785
0.024094104766845703
0.021791458129882812
0.0199124813079834
0.022409915924072266
0.023066043853759766
0.029916763305664062
0.03102278709411621
0.02356863021850586
0.027078866958618164
0.022849082946777344
0.022854089736938477
0.025905370712280273
0.020450830459594727
0.020535945892333984
0.024074077606201172
0.021601438522338867
0.01882624626159668
0.02973151206970215
0.02225780487060547
0.026389122009277344
0.016927242279052734
0.022366046905517578
0.017878293991088867
0.028658151626586914
0.023296356201171875
0.022714614868164062
0.022425174713134766
0.02490854263305664
0.021910429000854492
0.022531509399414062
0.02349996566772461
0.024209260940551758
0.024456501007080078
0.025905370712280273
0.019554853439331055
0.023285865783691406
0.023641586303710938
0.02512669563293457
0.02094745635986328
0.022562742233276367
0.024104833602905273
0.02349400520324707
0.023885011672973633
0.023382902145385742
0.021904468536376953
0.023624658584594727
0.02190542221069336
0.02480030059814453
0.025409460067749023
0.023920774459838867
0.025919675827026367
0.0214996337890625
0.02553105354309082
0.024376630783081055
0.02389359474182129
0.024290800094604492
0.02753758430480957
0.023484468460083008
0.02478480339050293
0.02080845832824707
0.026135683059692383
0.023558378219604492
0.019840240478515625
0.018175601959228516
0.02395009994506836
0.02136683464050293
0.021861791610717773
0.02394890785217285
0.01941967010498047
0.02263951301574707
0.025246858596801758
0.02272510528564453
0.0235445499420166
0.024939775466918945
0.023039817810058594
0.023511409759521484
0.023165225982666016
0.022954225540161133
0.021991491317749023
0.02172088623046875
0.02288341522216797
0.021965503692626953
0.02092432975769043
0.019657611846923828
0.02200913429260254
0.023730993270874023
0.02060985565185547
0.023562908172607422
0.020051002502441406
0.025433778762817383
0.023030519485473633
0.02443552017211914
0.023168563842773438
0.023215293884277344
0.023289203643798828
0.022401809692382812
0.022532224655151367
0.024951934814453125
0.02060246467590332
0.021322250366210938
0.021407604217529297
0.023041963577270508
0.025494098663330078
0.022290706634521484
0.02133941650390625
0.02289438247680664
0.027791500091552734
0.021631956100463867
0.019932270050048828
0.024324655532836914
0.02040576934814453
0.02147984504699707
0.023092985153198242
0.025821208953857422
0.024665117263793945
0.024106264114379883
0.02351999282836914
0.024374961853027344
0.023579835891723633
0.022433757781982422
0.022060871124267578
0.021729230880737305
0.02443695068359375
0.02382802963256836
0.02421879768371582
0.024825096130371094
0.027408599853515625
0.014920949935913086
0.018862009048461914
0.02757120132446289
0.0249176025390625
0.0275418758392334
0.022404193878173828
0.02211785316467285
0.024397850036621094
0.02463555335998535
0.027395009994506836
0.027912378311157227
0.025039196014404297
0.027466773986816406
0.02755594253540039
0.02340245246887207
0.023424863815307617
0.023912668228149414
0.022956371307373047
0.022397279739379883
0.025261878967285156
0.02023911476135254
0.026252269744873047
0.023450136184692383
0.02142477035522461
0.022163867950439453
0.025406837463378906
0.02620387077331543
0.025110244750976562
0.025040149688720703
0.026903867721557617
0.02288961410522461
0.025376558303833008
0.02256488800048828
0.027368783950805664
0.02353072166442871
0.024054765701293945
0.022728443145751953
0.02423238754272461
0.027185916900634766
0.02566361427307129
0.029681921005249023
0.028673887252807617
0.021928787231445312
0.025387048721313477
0.025197982788085938
0.02189803123474121
0.021403789520263672
0.025702476501464844
0.02255868911743164
0.022933006286621094
0.020415544509887695
0.0228424072265625
0.024180173873901367
0.021419286727905273
0.022960662841796875
0.024074077606201172
0.02301764488220215
0.026378393173217773
0.020938634872436523
0.024300336837768555
0.021121978759765625
0.02090167999267578
0.02045583724975586
0.021605253219604492
0.023482322692871094
0.022897958755493164
0.026146650314331055
0.03052210807800293
0.023408889770507812
0.020865201950073242
0.022922992706298828
0.025382041931152344
0.022399187088012695
0.022648334503173828
0.02341175079345703
0.0227200984954834
0.027083873748779297
0.02184319496154785
0.024909496307373047
0.024076461791992188
0.027117490768432617
0.021407365798950195
0.023966073989868164
0.026037216186523438
0.023608684539794922
0.020538330078125
0.022928237915039062
0.02343297004699707
0.025028228759765625
0.02155017852783203
0.024126052856445312
0.022894859313964844
0.024992942810058594
0.023776769638061523
0.022695541381835938
0.023915767669677734
0.022913217544555664
0.024706602096557617
0.021297216415405273
0.02299022674560547
0.023160934448242188
0.02234482765197754
0.023198366165161133
0.021310091018676758
0.022454500198364258
0.024825334548950195
0.02451610565185547
0.02034616470336914
0.02113056182861328
0.025512218475341797
0.01945805549621582
0.023206233978271484
0.02102375030517578
0.01648998260498047
0.021187782287597656
0.02134561538696289
0.023396968841552734
0.023394107818603516
0.023930072784423828
0.022122621536254883
0.025467634201049805
0.022064685821533203
0.026038169860839844
0.021316051483154297
0.020937442779541016
0.026539325714111328
0.021173477172851562
0.023406028747558594
0.021413564682006836
0.023392915725708008
0.02097296714782715
0.027908802032470703
0.024905920028686523
0.02376556396484375
0.02118682861328125
0.024525880813598633
0.027359485626220703
0.022461891174316406
0.022725582122802734
0.022216081619262695
0.020201921463012695
0.02390742301940918
0.02143383026123047
0.022365570068359375
0.0216064453125
0.023406505584716797
0.025383949279785156
0.0236361026763916
0.023901939392089844
0.029041051864624023
0.03288602828979492
0.028964757919311523
0.02524590492248535
0.022977590560913086
0.02590799331665039
0.0232241153717041
0.024959325790405273
0.019913911819458008
0.026468992233276367
0.028947114944458008
0.022855520248413086
0.027916669845581055
0.02248525619506836
0.02274012565612793
0.022966623306274414
0.025902271270751953
0.022956132888793945
0.024408578872680664
0.021781206130981445
0.02440953254699707
0.025531768798828125
0.03384804725646973
0.02080392837524414
0.023368120193481445
0.020416259765625
0.021258115768432617
0.0221102237701416
0.024395227432250977
0.02127242088317871
0.022745132446289062
0.023396968841552734
0.024559736251831055
0.023901700973510742
0.021928787231445312
0.022073984146118164
0.02255868911743164
0.02399301528930664
0.021210670471191406
0.02752852439880371
0.026392221450805664
0.02864861488342285
0.02817678451538086
0.02691650390625
0.022917985916137695
0.020998477935791016
0.02041482925415039
0.022408723831176758
0.024604320526123047
0.023577213287353516
0.023174524307250977
0.016934633255004883
0.016870975494384766
0.017611265182495117
0.01863861083984375
0.02566981315612793
0.020841121673583984
0.021017074584960938
0.021905183792114258
0.022451162338256836
0.022598743438720703
0.021938800811767578
0.021617650985717773
0.02042102813720703
0.021949291229248047
0.023047685623168945
0.025926828384399414
0.024408578872680664
0.026098966598510742
0.02589130401611328
0.023007869720458984
0.019960880279541016
0.025484085083007812
0.02339625358581543
0.021935224533081055
0.02518177032470703
0.021903038024902344
0.025641441345214844
0.027942895889282227
0.026024580001831055
0.02518439292907715
0.02545475959777832
0.022404909133911133
0.02091836929321289
0.022545337677001953
0.018921613693237305
0.019420623779296875
0.023867130279541016
0.022016048431396484
0.02194833755493164
0.019602060317993164
0.019942760467529297
0.020025253295898438
0.021930694580078125
0.021172523498535156
0.024100780487060547
0.02688288688659668
0.02515244483947754
0.024404525756835938
0.023037195205688477
0.022037744522094727
0.02093958854675293
0.020957469940185547
0.02265167236328125
0.02098846435546875
0.021543502807617188
0.022105693817138672
0.02232503890991211
0.022904396057128906
0.026552915573120117
0.022982358932495117
0.021419525146484375
0.022069454193115234
0.022701263427734375
0.020399093627929688
0.023583173751831055
0.023436546325683594
0.02144765853881836
0.022992372512817383
0.022546052932739258
0.021955490112304688
0.01948404312133789
0.023847103118896484
0.020778656005859375
0.023406505584716797
0.02122330665588379
0.021015167236328125
0.023463964462280273
0.022235393524169922
0.023060083389282227
0.020908594131469727
0.021939754486083984
0.023012399673461914
0.027297496795654297
0.025438547134399414
0.024215221405029297
0.025878190994262695
0.021424055099487305
0.02448272705078125
0.024379491806030273
0.020418405532836914
0.022181034088134766
0.021837472915649414
0.02296161651611328
0.025895357131958008
0.021470308303833008
0.025885581970214844
0.025591135025024414
0.01640939712524414
0.025408506393432617
0.030193805694580078
0.026899099349975586
0.022740602493286133
0.02331829071044922
0.024753570556640625
0.021687746047973633
0.023488998413085938
0.027790546417236328
0.0230252742767334
0.024756908416748047
0.022990703582763672
0.02317643165588379
0.02639293670654297
0.023449420928955078
0.02593255043029785
0.023105382919311523
0.021487951278686523
0.021640300750732422
0.021074295043945312
0.02539205551147461
0.024888277053833008
0.02614903450012207
0.021008729934692383
0.025339841842651367
0.025192975997924805
0.02194809913635254
0.024524211883544922
0.026367664337158203
0.023847341537475586
0.02482771873474121
0.022410154342651367
0.0235750675201416
0.022042274475097656
0.025985002517700195
0.023519277572631836
0.019840240478515625
0.024339675903320312
0.024962186813354492
0.02438831329345703
0.01905536651611328
0.015531063079833984
0.01743340492248535
0.025915861129760742
0.03509879112243652
0.02703404426574707
0.02628469467163086
0.026232242584228516
0.020464420318603516
0.02710890769958496
0.025494098663330078
0.022898435592651367
0.02678704261779785
0.019918441772460938
0.02156829833984375
0.02651190757751465
0.02988123893737793
0.028447866439819336
0.03322124481201172
0.027413129806518555
0.0298614501953125
0.025808095932006836
0.022293806076049805
0.02438950538635254
0.0245668888092041
0.03000020980834961
0.024244308471679688
0.02588367462158203
0.025534868240356445
0.025545120239257812
0.025992631912231445
0.02142477035522461
0.02764105796813965
0.02281641960144043
0.023921489715576172
0.030452966690063477
0.027690887451171875
0.02291417121887207
0.02246379852294922
0.02278423309326172
0.02484440803527832
0.02502584457397461
0.025788545608520508
0.029054880142211914
0.022021770477294922
0.02192974090576172
0.02381300926208496
0.02590489387512207
0.024247169494628906
0.025905609130859375
0.026444435119628906
0.027437686920166016
0.023453474044799805
0.020392417907714844
0.01667928695678711
0.02158331871032715
0.023891925811767578
0.022899389266967773
0.02685546875
0.023906946182250977
0.0215911865234375
0.021918058395385742
0.021325349807739258
0.021192073822021484
0.02345132827758789
0.024677276611328125
0.018431425094604492
0.019424915313720703
0.023028135299682617
0.01991868019104004
0.023602724075317383
0.022441625595092773
0.021129131317138672
0.020927906036376953
0.025918960571289062
0.02293705940246582
0.025415420532226562
0.03129220008850098
0.024461030960083008
0.02144002914428711
0.02339935302734375
0.027556180953979492
0.02204728126525879
0.02389049530029297
0.02738809585571289
0.02488541603088379
0.024905681610107422
0.023930072784423828
0.0245668888092041
0.026677608489990234
0.022394657135009766
0.0209195613861084
0.027128934860229492
0.026045560836791992
0.029898643493652344
0.017927169799804688
0.0207064151763916
0.027531147003173828
0.022214174270629883
0.026419878005981445
0.017937183380126953
0.02404642105102539
0.021472930908203125
0.02272200584411621
0.028361797332763672
0.029857635498046875
0.02553582191467285
0.0231473445892334
0.02669358253479004
0.027396678924560547
0.023439645767211914
0.025609731674194336
0.02597498893737793
0.02106475830078125
0.020906686782836914
0.0223996639251709
0.02638840675354004
0.026790380477905273
0.024730682373046875
0.02391958236694336
0.024396657943725586
0.022441387176513672
0.02178335189819336
0.024103164672851562
0.015434503555297852
0.017938852310180664
0.022843122482299805
0.028388023376464844
0.032045841217041016
0.026543378829956055
0.02311110496520996
0.026418685913085938
0.026566028594970703
0.027387142181396484
0.016942977905273438
0.023817062377929688
0.028207778930664062
0.023173809051513672
0.028998851776123047
0.02508711814880371
0.024914979934692383
0.02348160743713379
0.026054859161376953
0.023247718811035156
0.02440953254699707
0.0269010066986084
0.028870820999145508
0.024457931518554688
0.024880170822143555
0.025218725204467773
0.023973464965820312
0.02348470687866211
0.034517765045166016
0.026322126388549805
0.02547311782836914
0.027921199798583984
0.026010513305664062
0.02780008316040039
0.02440500259399414
0.022409439086914062
0.02269577980041504
0.0243377685546875
0.026895999908447266
0.02696394920349121
0.026362180709838867
0.035336971282958984
0.01921987533569336
0.02189779281616211
0.020636558532714844
0.024468421936035156
0.023459911346435547
0.0228731632232666
0.02185368537902832
0.021852970123291016
0.018376827239990234
0.024325847625732422
0.019434213638305664
0.022075176239013672
0.02591085433959961
0.026804208755493164
0.025003671646118164
0.023372650146484375
0.022788524627685547
0.022416353225708008
0.02339458465576172
0.024424314498901367
0.02354121208190918
0.02214217185974121
0.02441692352294922
0.023531198501586914
0.024392366409301758
0.02090001106262207
0.020478248596191406
0.02139759063720703
0.02741074562072754
0.02405238151550293
0.024644136428833008
0.0233767032623291
0.023232460021972656
0.025683164596557617
0.020981788635253906
0.02703547477722168
0.020026445388793945
0.024105310440063477
0.023844003677368164
0.023360013961791992
0.023655414581298828
0.023550748825073242
0.022490978240966797
0.021464109420776367
0.023404836654663086
0.024611234664916992
0.020915746688842773
0.024425983428955078
0.022100210189819336
0.02026081085205078
0.022847652435302734
0.02200794219970703
0.02556300163269043
0.026875734329223633
0.024518251419067383
0.02383899688720703
0.018929719924926758
0.02490997314453125
0.025947093963623047
0.020433664321899414
0.023119688034057617
0.019345760345458984
0.02346014976501465
0.02496957778930664
0.02167487144470215
0.0259244441986084
0.02046060562133789
0.019414901733398438
0.02192378044128418
0.01825737953186035
0.015117168426513672
0.01890110969543457
0.02310466766357422
0.0295867919921875
0.025077342987060547
0.02098679542541504
0.019097328186035156
0.023833513259887695
0.02000570297241211
0.02292656898498535
0.02350139617919922
0.024000167846679688
0.026419401168823242
0.02050924301147461
0.021466970443725586
0.02290034294128418
0.01915764808654785
0.02173900604248047
0.022391080856323242
0.02243328094482422
0.02190566062927246
0.018714427947998047
0.0204160213470459
0.01859760284423828
0.019906044006347656
0.022698402404785156
0.02090620994567871
0.024446487426757812
0.01843428611755371
0.026404619216918945
0.021999597549438477
0.02192974090576172
0.020944595336914062
0.023392438888549805
0.025694847106933594
0.025159597396850586
0.02521991729736328
0.024646759033203125
0.025412321090698242
0.019913434982299805
0.02089834213256836
0.0231630802154541
0.022455692291259766
0.021099567413330078
0.01998281478881836
0.020601749420166016
0.023053407669067383
0.021105051040649414
0.01990795135498047
0.019237995147705078
0.02315235137939453
0.021634578704833984
0.023119449615478516
0.02140498161315918
0.024588584899902344
0.02290201187133789
0.02362060546875
0.023236989974975586
0.020084619522094727
0.021947622299194336
0.025452375411987305
0.023514747619628906
0.021681785583496094
0.02436089515686035
0.015416145324707031
0.017909526824951172
0.021502256393432617
0.021585941314697266
0.019049882888793945
0.024233579635620117
0.022552967071533203
0.02192378044128418
0.022406578063964844
0.021785259246826172
0.02390909194946289
0.019637584686279297
0.021921157836914062
0.017993927001953125
0.020908594131469727
0.02589130401611328
0.025540828704833984
0.019170284271240234
0.018395662307739258
0.022434473037719727
0.023023128509521484
0.02153635025024414
0.029066085815429688
0.022847652435302734
0.019289255142211914
0.018404006958007812
0.018400907516479492
0.016164779663085938
0.02933192253112793
0.0215606689453125
0.0189669132232666
0.021226882934570312
0.02409505844116211
0.0209348201751709
0.023906230926513672
0.02024245262145996
0.01777172088623047
0.0210268497467041
0.022392988204956055
0.02054119110107422
0.02095508575439453
0.019629478454589844
0.01903820037841797
0.022523164749145508
0.019741058349609375
0.020519256591796875
0.02375197410583496
0.02264404296875
0.019877910614013672
0.02010488510131836
0.023027420043945312
0.020829200744628906
0.021765708923339844
0.022919654846191406
0.021779537200927734
0.018997669219970703
0.020406246185302734
0.023284196853637695
0.021935462951660156
0.02658534049987793
0.023403644561767578
0.024059772491455078
0.023743391036987305
0.022977828979492188
0.022713661193847656
0.02129364013671875
0.021428346633911133
0.022417068481445312
0.02144336700439453
0.023682117462158203
0.017051219940185547
0.02002096176147461
0.017992019653320312
0.018035173416137695
0.02463245391845703
0.019713163375854492
0.01799321174621582
0.019921302795410156
0.020452260971069336
0.02339625358581543
0.018935441970825195
0.017305612564086914
0.020075559616088867
0.021000385284423828
0.02405834197998047
0.019425153732299805
0.023901700973510742
0.02155137062072754
0.023752689361572266
0.019041061401367188
0.022525548934936523
0.021414756774902344
0.02201700210571289
0.024880409240722656
0.018899202346801758
0.02439093589782715
0.01981806755065918
0.018328428268432617
0.022844791412353516
0.01998114585876465
0.018414020538330078
0.01800227165222168
0.02158331871032715
0.02416205406188965
0.022240638732910156
0.021427154541015625
0.01842975616455078
0.020910024642944336
0.020453929901123047
0.021580219268798828
0.019536256790161133
0.01938486099243164
0.018909931182861328
0.015967369079589844
0.022209882736206055
0.021522045135498047
0.021367788314819336
0.018586397171020508
0.0211031436920166
0.021895647048950195
0.021002531051635742
0.019054412841796875
0.02584671974182129
0.019912242889404297
0.019331693649291992
0.015362024307250977
0.01587843894958496
0.01655721664428711
0.015050172805786133
0.018149137496948242
0.018339872360229492
0.018868207931518555
0.015192508697509766
0.015011310577392578
0.014960050582885742
0.017950057983398438
0.014720439910888672
0.015886783599853516
0.01839303970336914
0.019018888473510742
0.017464160919189453
0.01674342155456543
0.015537023544311523
0.017075538635253906
0.014848709106445312
0.015885114669799805
0.016495943069458008
0.015457868576049805
0.0170896053314209
0.014925718307495117
0.017086267471313477
0.016431570053100586
0.015926837921142578
0.018504858016967773
0.016898632049560547
0.014078140258789062
0.016379833221435547
0.016060352325439453
0.01862955093383789
0.019134044647216797
0.020695209503173828
0.01607370376586914
0.017468929290771484
0.015514373779296875
0.018007278442382812
0.016433000564575195
0.016504287719726562
0.01645517349243164
0.017122268676757812
0.017374753952026367
0.01691579818725586
0.015561580657958984
0.015051603317260742
0.015526294708251953
0.014523983001708984
0.014610528945922852
0.015026092529296875
0.01706409454345703
0.01834583282470703
0.017962932586669922
0.015436172485351562
0.01733231544494629
0.01601123809814453
0.01590895652770996
0.016058683395385742
0.015751123428344727
0.017174482345581055
0.01735830307006836
0.0165557861328125
0.0163724422454834
0.014448881149291992
0.015090227127075195
0.015029191970825195
0.016941070556640625
0.0155181884765625
0.016565799713134766
0.015429258346557617
0.01444387435913086
0.01742410659790039
0.015300273895263672
0.02090740203857422
0.015627145767211914
0.01498270034790039
0.015935182571411133
0.015941858291625977
0.01603412628173828
0.015033245086669922
0.015912771224975586
0.017044544219970703
0.01612257957458496
0.01543569564819336
0.014516592025756836
0.013940572738647461
0.013522148132324219
0.015442609786987305
0.01707768440246582
0.015493631362915039
0.013525962829589844
0.013941764831542969
0.015527725219726562
0.015989065170288086
0.01651906967163086
0.015524864196777344
0.015501022338867188
0.015486717224121094
0.0175631046295166
0.0184175968170166
0.015013933181762695
0.014492988586425781
0.016576766967773438
0.013991594314575195
0.013518810272216797
0.01691150665283203
0.015932321548461914
0.014435291290283203
0.014883041381835938
Average: 0.022977