2.0959794521331787
1.6288666725158691
1.5983116626739502
2.0949959754943848
1.4461030960083008
1.5460712909698486
1.5535202026367188
1.4576189517974854
1.6643986701965332
2.1080548763275146
1.7462842464447021
1.3791725635528564
1.8125360012054443
1.4954197406768799
1.6210846900939941
2.5334770679473877
1.392132043838501
1.325368881225586
2.39271879196167
1.6682848930358887
2.5349512100219727
1.4582269191741943
1.7285966873168945
2.477485418319702
1.492920160293579
1.3887875080108643
1.3584566116333008
1.4244019985198975
1.469050407409668
1.594245433807373
3.8017385005950928
2.0409886837005615
1.6354351043701172
3.1880033016204834
2.0084869861602783
1.429323434829712
2.816495895385742
1.6059868335723877
1.5884544849395752
1.5934417247772217
1.5505366325378418
1.8249423503875732
1.7599754333496094
2.21134090423584
1.7591438293457031
2.039071798324585
1.6162490844726562
1.5174803733825684
1.6736111640930176
3.602834701538086
1.5417029857635498
1.9883818626403809
1.3649587631225586
1.4744420051574707
2.833211898803711
1.6314711570739746
3.1439900398254395
2.154995918273926
2.966695547103882
3.1049323081970215
1.6643264293670654
1.309980869293213
2.7846579551696777
2.284451484680176
1.7953262329101562
1.4210484027862549
2.1253437995910645
1.5095362663269043
1.3919601440429688
1.5453896522521973
2.4524242877960205
1.6863789558410645
1.4045498371124268
1.592909574508667
1.3714704513549805
1.3987205028533936
1.495248556137085
2.6633458137512207
1.768899917602539
2.1130926609039307
2.0060534477233887
1.4918911457061768
1.4051003456115723
1.8947625160217285
1.6250698566436768
1.5162866115570068
1.4257850646972656
1.4172263145446777
1.6875195503234863
1.3863694667816162
1.58732271194458
1.5132246017456055
1.8010733127593994
1.6037983894348145
1.7939772605895996
3.0988941192626953
1.7264912128448486
1.5408711433410645
2.239992141723633
1.6439499855041504
1.412837028503418
1.5398225784301758
2.4055097103118896
1.2923436164855957
2.853041887283325
1.513498067855835
1.4699947834014893
1.6631414890289307
1.4541449546813965
1.5796236991882324
1.3952906131744385
1.7053020000457764
1.7838165760040283
1.5624868869781494
1.9691741466522217
1.6528055667877197
1.6583013534545898
1.468339204788208
1.5460023880004883
1.8704524040222168
1.3517119884490967
1.6902356147766113
2.0763955116271973
1.4242045879364014
1.633173942565918
1.3164920806884766
2.9188811779022217
1.1885113716125488
1.5702037811279297
2.422412633895874
1.7444393634796143
1.707568645477295
1.557889461517334
1.4644842147827148
3.0957159996032715
1.1941437721252441
1.42641019821167
1.42240309715271
1.700476884841919
1.9870226383209229
1.4343652725219727
1.459834098815918
1.6094779968261719
1.5810604095458984
1.624661922454834
1.5004525184631348
1.4022350311279297
2.538435220718384
1.923112392425537
1.6144828796386719
1.7330374717712402
1.4418044090270996
1.8225116729736328
1.824681043624878
1.6715688705444336
1.6817078590393066
1.602686882019043
1.4122040271759033
1.6132559776306152
1.3923156261444092
1.434443473815918
1.6774711608886719
1.5653226375579834
1.842235803604126
1.5300660133361816
1.6815478801727295
1.6811017990112305
1.5097689628601074
2.083810329437256
1.5081686973571777
1.6511316299438477
1.5329184532165527
1.5411772727966309
2.3643858432769775
1.6470420360565186
1.6720356941223145
1.6589717864990234
1.9406554698944092
1.7597334384918213
1.8243169784545898
1.3614678382873535
1.5540850162506104
1.4052696228027344
1.8138034343719482
1.7040135860443115
2.0950276851654053
2.1502668857574463
1.5951015949249268
2.8933305740356445
1.5229082107543945
1.823899507522583
1.4287593364715576
3.5522234439849854
1.443493127822876
1.5214247703552246
1.9105534553527832
1.5571906566619873
1.6708738803863525
1.4399266242980957
1.919051170349121
1.8532333374023438
1.3149290084838867
1.5122442245483398
2.0840251445770264
1.9277970790863037
1.9290616512298584
1.547391414642334
1.7952826023101807
1.750352144241333
2.0324149131774902
1.490354299545288
2.1454410552978516
1.4975135326385498
1.5547778606414795
1.5189886093139648
2.180616855621338
1.4474174976348877
1.5962910652160645
1.5532770156860352
2.587083101272583
1.520944595336914
1.6901428699493408
2.8425283432006836
1.517139196395874
2.343244791030884
1.5464887619018555
1.6970179080963135
1.8109581470489502
1.6578962802886963
2.8795599937438965
1.460160255432129
1.6619679927825928
1.5864887237548828
1.4574260711669922
1.6574506759643555
1.3170146942138672
1.376171588897705
2.1558997631073
1.6770975589752197
1.6595826148986816
1.7938072681427002
1.8066275119781494
1.6822664737701416
2.0639724731445312
1.5464982986450195
1.564347505569458
1.5655372142791748
2.248084306716919
1.795093059539795
1.6417195796966553
1.5788886547088623
1.8269267082214355
1.6958813667297363
1.4900760650634766
1.7765836715698242
1.6429526805877686
3.7853755950927734
1.761495590209961
1.5180940628051758
1.4185256958007812
1.8290891647338867
1.7854492664337158
1.6810426712036133
3.6756975650787354
2.416788101196289
2.369004726409912
2.298004150390625
1.9728145599365234
1.8504297733306885
1.4388446807861328
1.6325902938842773
1.5060114860534668
1.582803726196289
2.131535768508911
2.149474620819092
1.833381175994873
1.7824678421020508
1.3489587306976318
1.5960421562194824
1.3637537956237793
1.5413014888763428
2.394016742706299
1.7312045097351074
1.5920171737670898
2.0309605598449707
2.9581685066223145
1.745131254196167
1.6649041175842285
2.6786460876464844
1.4638230800628662
2.2024993896484375
1.5677976608276367
2.512977361679077
2.3903615474700928
2.009932041168213
3.04118013381958
1.5402696132659912
1.5161023139953613
1.6840429306030273
1.1894750595092773
1.4379634857177734
1.6787779331207275
1.542407751083374
1.4153227806091309
1.506472110748291
2.795177698135376
1.6457278728485107
1.3810343742370605
1.4126336574554443
1.5680112838745117
2.407804489135742
1.7154979705810547
2.016512393951416
1.4925289154052734
1.6896905899047852
1.7045302391052246
1.5129344463348389
2.1346631050109863
1.4166817665100098
1.6964802742004395
1.6582465171813965
2.3555960655212402
1.5125608444213867
1.3931398391723633
1.6339256763458252
1.5650830268859863
2.367344379425049
1.640791654586792
2.1596362590789795
1.523611307144165
1.539198398590088
1.6846423149108887
1.4050111770629883
1.684971570968628
1.9793744087219238
1.3451566696166992
1.5492868423461914
3.838059902191162
1.4328489303588867
1.6320083141326904
1.5612192153930664
1.5885488986968994
1.605180025100708
1.8890187740325928
1.545003890991211
1.4037840366363525
3.7588913440704346
1.3704349994659424
2.0265963077545166
1.5434041023254395
1.8964276313781738
1.4910213947296143
2.136651039123535
1.6052970886230469
1.3740887641906738
2.1710524559020996
1.6781530380249023
1.7089076042175293
1.5367560386657715
2.590026378631592
1.4863314628601074
1.958714485168457
2.825970411300659
1.5719540119171143
2.419511318206787
1.4289932250976562
1.6810801029205322
1.7994344234466553
1.3873064517974854
1.5864880084991455
1.5135047435760498
1.9569761753082275
1.7016432285308838
1.4553475379943848
3.733135938644409
2.1823062896728516
1.5079905986785889
2.0740015506744385
1.4527819156646729
1.6737072467803955
1.6713054180145264
2.0239665508270264
2.012129783630371
1.4456889629364014
2.3111095428466797
1.692446231842041
1.460536003112793
2.1488237380981445
1.5675718784332275
1.9781577587127686
1.5827951431274414
1.337576150894165
1.389937400817871
1.4052987098693848
3.870497226715088
1.25368070602417
1.5739471912384033
2.1351003646850586
1.414649486541748
1.290949821472168
3.9243886470794678
1.2975215911865234
1.5315899848937988
2.186558485031128
1.80757737159729
2.216770887374878
1.997140645980835
1.531501054763794
2.6948904991149902
1.5354955196380615
2.441054582595825
1.5081348419189453
2.624602794647217
1.9545035362243652
1.936776876449585
2.5025081634521484
1.6864466667175293
1.85508131980896
2.085036277770996
2.0613882541656494
1.4501140117645264
2.463317394256592
1.644650936126709
1.948150634765625
1.9279296398162842
2.2863106727600098
2.295011281967163
1.5431296825408936
2.2775049209594727
1.9171290397644043
2.1653993129730225
1.787989616394043
1.4107766151428223
1.7248923778533936
1.3944380283355713
1.7165193557739258
1.6610522270202637
1.5518553256988525
1.543830394744873
1.7098708152770996
1.4919025897979736
1.7902514934539795
1.680039405822754
1.804490566253662
1.815302848815918
1.5253143310546875
1.542393445968628
3.7751002311706543
1.3510713577270508
1.374577283859253
1.8126225471496582
1.5799510478973389
1.6734282970428467
1.5679521560668945
1.82145357131958
1.5587308406829834
1.5298511981964111
1.556072473526001
1.6686584949493408
1.799943447113037
2.0878372192382812
1.8010551929473877
2.2199792861938477
1.8410794734954834
2.645491600036621
2.271925210952759
1.3655972480773926
1.5864627361297607
1.6760027408599854
1.518308162689209
1.5456342697143555
1.708768606185913
1.776146411895752
1.8027355670928955
1.9640309810638428
1.4412024021148682
1.6370315551757812
1.5015549659729004
1.6835172176361084
1.6757276058197021
1.6525447368621826
1.7670056819915771
1.6168594360351562
2.2509191036224365
1.466104507446289
1.386195421218872
1.9160349369049072
1.611452579498291
1.9768035411834717
2.266731023788452
2.097054958343506
3.720238447189331
2.010462522506714
1.3163764476776123
1.5208721160888672
1.9159479141235352
1.636197805404663
1.5223984718322754
1.5848779678344727
1.9204216003417969
1.525273084640503
1.5265400409698486
1.6048579216003418
1.6649129390716553
1.4036974906921387
1.276393175125122
1.7945029735565186
3.0348470211029053
1.6028697490692139
1.7974119186401367
1.801250696182251
1.4016599655151367
1.64402437210083
1.4771106243133545
1.516965389251709
1.6774723529815674
1.454108715057373
1.6090617179870605
2.586813449859619
1.5791387557983398
1.6361186504364014
2.184157371520996
1.565147876739502
1.6290907859802246
2.4140243530273438
1.645308017730713
1.8045029640197754
2.0106935501098633
2.58725905418396
1.580275297164917
1.7628228664398193
2.1823232173919678
1.6191864013671875
1.9305610656738281
1.4778809547424316
1.6412973403930664
1.6970622539520264
1.5437281131744385
2.1203103065490723
1.546414852142334
1.6234197616577148
1.3616492748260498
1.6925230026245117
1.5030298233032227
1.72237229347229
2.4653987884521484
1.385056972503662
1.51527738571167
2.347968339920044
1.4731097221374512
1.7804818153381348
1.6509180068969727
1.4759159088134766
1.5153348445892334
1.548008680343628
1.5390667915344238
1.5372748374938965
2.315361738204956
1.5481176376342773
1.4780781269073486
1.639472484588623
3.319058656692505
1.738539457321167
1.6365721225738525
1.739823341369629
1.3283722400665283
1.7965548038482666
1.664353609085083
1.5191526412963867
1.3481254577636719
1.8050930500030518
2.117819309234619
1.489363670349121
2.3953492641448975
1.1444828510284424
1.4274711608886719
1.537031888961792
1.2814781665802002
1.4093635082244873
1.4901924133300781
2.4211199283599854
1.6553261280059814
1.5905582904815674
1.509368896484375
1.634983777999878
1.5037405490875244
1.5432915687561035
1.6506130695343018
1.4017503261566162
1.852128505706787
1.370793342590332
1.5416593551635742
1.6530232429504395
1.5437850952148438
1.4024128913879395
1.8238422870635986
2.2624406814575195
2.0196893215179443
1.7487401962280273
1.481550931930542
1.654857873916626
2.778589963912964
1.6853344440460205
1.6535210609436035
1.7593867778778076
1.7627794742584229
2.074394464492798
1.4439046382904053
1.347222089767456
2.0393879413604736
1.56197190284729
1.939112901687622
1.332448959350586
2.373920202255249
3.560073137283325
2.67803955078125
2.129042148590088
2.2383956909179688
1.9827165603637695
1.8977000713348389
1.2904932498931885
2.688450813293457
1.3634722232818604
1.4469783306121826
2.466522216796875
1.7756447792053223
2.4964253902435303
2.4796652793884277
3.661085844039917
1.6593661308288574
1.9023566246032715
3.5111875534057617
1.8630003929138184
3.6963870525360107
2.460374116897583
1.409710168838501
1.8989951610565186
2.6254312992095947
1.670116662979126
2.1329336166381836
2.224346399307251
2.1165082454681396
1.9033825397491455
1.3497390747070312
1.3931636810302734
1.5523927211761475
1.517343521118164
1.828345775604248
1.753478765487671
1.2432141304016113
1.9725682735443115
1.8569204807281494
1.8845407962799072
1.7472777366638184
1.805069923400879
1.5089912414550781
1.4905292987823486
2.6443545818328857
1.7042136192321777
1.9132194519042969
2.234260082244873
1.2735800743103027
1.3963956832885742
2.9810128211975098
1.3984744548797607
2.4379215240478516
1.403158187866211
3.6436266899108887
1.4385027885437012
1.839604377746582
1.9160065650939941
1.3571012020111084
1.418513536453247
1.8659236431121826
1.8171942234039307
1.9453847408294678
1.4326238632202148
1.6860020160675049
1.48592209815979
1.5329158306121826
1.6898221969604492
1.3436686992645264
1.672088384628296
1.9586403369903564
1.4266066551208496
1.5531423091888428
1.5524344444274902
1.652228593826294
1.9652695655822754
1.4851288795471191
1.9277138710021973
1.7557399272918701
1.5492334365844727
1.8122987747192383
1.516402006149292
1.530996322631836
1.2894859313964844
1.518357276916504
1.5666208267211914
1.5231609344482422
2.065532922744751
1.854799509048462
1.5135231018066406
2.531975269317627
1.556910514831543
2.108743906021118
1.4604451656341553
1.7804419994354248
3.3529698848724365
1.5436351299285889
1.551957607269287
1.820704698562622
1.3204469680786133
2.1262013912200928
1.4350917339324951
1.7711122035980225
1.522568702697754
3.801523208618164
2.055502414703369
2.4728195667266846
1.88804030418396
1.6161086559295654
1.9156429767608643
2.500729560852051
1.434504747390747
1.5315327644348145
2.183318614959717
1.5290536880493164
1.9002692699432373
1.4856512546539307
1.679372787475586
1.9918687343597412
1.8274593353271484
1.3392574787139893
1.5416715145111084
1.8282182216644287
1.5295805931091309
1.6752238273620605
1.7966184616088867
1.329819917678833
1.791480302810669
2.0969746112823486
1.6719377040863037
1.773383617401123
1.516758918762207
1.9656169414520264
1.6055488586425781
1.891650676727295
1.3300371170043945
1.5386641025543213
1.9741010665893555
1.5495176315307617
1.9457485675811768
1.4599907398223877
2.11948299407959
1.4000518321990967
1.4762160778045654
1.5513036251068115
1.661097764968872
1.3596465587615967
1.5483489036560059
2.4025626182556152
1.6684494018554688
1.8347587585449219
1.7832202911376953
1.6570675373077393
1.400261640548706
3.194957971572876
1.7519948482513428
1.401123285293579
1.7224640846252441
1.6873090267181396
1.4780762195587158
1.6324665546417236
3.2532882690429688
1.2782680988311768
1.5836341381072998
1.4279215335845947
3.679011106491089
1.5480990409851074
2.2272632122039795
1.4960136413574219
1.5419988632202148
2.718200206756592
2.114665985107422
2.676130771636963
1.5692460536956787
1.7459356784820557
1.7631494998931885
1.6650512218475342
1.8092188835144043
1.527106523513794
1.8547070026397705
1.4151456356048584
1.5585618019104004
1.5153164863586426
1.5389511585235596
1.813098430633545
2.059661865234375
1.5983335971832275
1.6599836349487305
1.8308844566345215
1.8058829307556152
1.612175703048706
1.8131728172302246
1.5665464401245117
1.4246611595153809
1.9754900932312012
1.4913923740386963
1.5289585590362549
1.4072368144989014
1.9513578414916992
1.6303939819335938
1.494149923324585
2.0318551063537598
1.6355199813842773
2.112600564956665
1.5489633083343506
1.6765964031219482
1.5563886165618896
1.5294675827026367
1.5344207286834717
1.702561855316162
1.6682133674621582
1.7225730419158936
1.5398766994476318
1.8256783485412598
1.537529706954956
1.404916763305664
2.1860079765319824
1.4697983264923096
1.4256608486175537
1.970282793045044
1.6666436195373535
1.5635995864868164
1.9630813598632812
1.4777963161468506
1.4101266860961914
1.5715739727020264
1.697385311126709
2.3555314540863037
1.672302484512329
2.360288381576538
1.4086635112762451
1.7833101749420166
1.9076182842254639
1.4320287704467773
3.038898229598999
1.4588394165039062
1.4834210872650146
2.663892984390259
1.6980667114257812
1.3910505771636963
1.5540509223937988
1.9709036350250244
3.829774856567383
1.7999866008758545
2.5950753688812256
2.6995790004730225
1.9040238857269287
1.6704168319702148
3.2262160778045654
1.4112436771392822
1.421595573425293
1.6430742740631104
1.490387201309204
1.563056468963623
1.4263827800750732
1.422382116317749
1.691483974456787
1.988771677017212
1.629586935043335
1.4110479354858398
1.6202967166900635
1.2880263328552246
3.770429849624634
1.4821572303771973
1.5474774837493896
1.537036657333374
1.4119269847869873
1.7344226837158203
1.8309710025787354
1.6239550113677979
1.8232572078704834
1.5449695587158203
1.7965197563171387
1.6554720401763916
1.399017333984375
1.8468611240386963
1.913862943649292
1.6562249660491943
1.6347429752349854
1.803053379058838
1.2229876518249512
1.40694260597229
1.4309918880462646
1.6475348472595215
1.5309853553771973
1.4479503631591797
1.5533807277679443
1.54557204246521
1.6632986068725586
1.6798896789550781
1.7796952724456787
1.5723590850830078
2.2699851989746094
1.3414134979248047
1.5599780082702637
1.9569194316864014
1.617964506149292
1.6449227333068848
2.212367296218872
1.5505836009979248
1.5288870334625244
3.4301156997680664
1.527557373046875
1.6896388530731201
3.083564281463623
1.6365149021148682
1.644568920135498
1.4079632759094238
3.7527027130126953
1.092630386352539
1.4127256870269775
1.2299773693084717
1.402627944946289
1.4017865657806396
1.2164466381072998
1.1024105548858643
1.0158874988555908
1.1920373439788818
1.086395025253296
2.4695897102355957
1.4629244804382324
2.687570571899414
1.964944839477539
2.1529381275177
2.1410419940948486
2.1640145778656006
1.6460316181182861
1.3645141124725342
1.0854296684265137
0.9980542659759521
1.1773664951324463
1.177474021911621
1.094428300857544
1.4549930095672607
1.258798599243164
1.747408151626587
1.000626802444458
0.9821963310241699
1.1767082214355469
1.2467238903045654
1.9539709091186523
1.9243977069854736
2.239560604095459
1.7470228672027588
2.6889188289642334
1.0911059379577637
2.674391508102417
1.107973575592041
1.1964342594146729
1.5595672130584717
1.1823487281799316
1.1809477806091309
Average: 1.793732