0.17202019691467285
0.41994476318359375
0.2610146999359131
0.29122400283813477
0.25008559226989746
0.31150221824645996
0.3178110122680664
0.24299907684326172
0.1600208282470703
0.25470590591430664
0.30294108390808105
0.4370911121368408
0.19289088249206543
0.4023113250732422
0.24041748046875
0.21716046333312988
0.4244651794433594
0.33761072158813477
0.1290454864501953
0.29820990562438965
0.18355941772460938
0.11150836944580078
0.3004183769226074
0.39533448219299316
0.19027161598205566
0.24394941329956055
0.0965123176574707
0.4024958610534668
0.2626035213470459
0.23102927207946777
0.10700273513793945
0.2725672721862793
0.2486271858215332
0.23758220672607422
0.30011820793151855
0.25212979316711426
0.24181032180786133
0.2510969638824463
0.37981581687927246
0.2794344425201416
0.21085715293884277
0.22579073905944824
0.2226114273071289
0.23671817779541016
0.23504877090454102
0.30065178871154785
0.21372056007385254
0.4371039867401123
0.1775519847869873
0.3101768493652344
0.18368124961853027
0.2973003387451172
0.1519641876220703
0.30977559089660645
0.42963647842407227
0.25185465812683105
0.16411566734313965
0.30234718322753906
0.36975884437561035
0.2682180404663086
0.1675703525543213
0.32468104362487793
0.22671079635620117
0.16724181175231934
0.19189953804016113
0.3197169303894043
0.13393211364746094
0.40527915954589844
0.23899173736572266
0.12961816787719727
0.2882883548736572
0.2266216278076172
0.228318452835083
0.3697991371154785
0.15149307250976562
0.14804792404174805
0.2716176509857178
0.2700667381286621
0.2821035385131836
0.16011595726013184
0.24263262748718262
0.26076674461364746
0.13643622398376465
0.12996268272399902
0.23285984992980957
0.10699701309204102
0.2637042999267578
0.2845497131347656
0.22301697731018066
0.18551230430603027
0.3210935592651367
0.3821218013763428
0.19109749794006348
0.20332860946655273
0.28160977363586426
0.2829878330230713
0.12325525283813477
0.42699241638183594
0.18003606796264648
0.3894050121307373
0.2727792263031006
0.3350718021392822
0.27149510383605957
0.2120349407196045
0.36684584617614746
0.29895496368408203
0.20476078987121582
0.15792465209960938
0.2460029125213623
0.2745661735534668
0.21718072891235352
0.18515801429748535
0.407456636428833
0.30081677436828613
0.26309680938720703
0.30507969856262207
0.2212672233581543
0.22301125526428223
0.2521481513977051
0.10845351219177246
0.26894712448120117
0.3402693271636963
0.23951959609985352
0.20091915130615234
0.21928095817565918
0.42855048179626465
0.33626222610473633
0.24369454383850098
0.3053402900695801
0.24065804481506348
0.19857215881347656
0.1871023178100586
0.3649137020111084
0.24425053596496582
0.16543102264404297
0.22739601135253906
0.41671299934387207
0.16469264030456543
0.25944972038269043
0.36790037155151367
0.3320760726928711
0.27121877670288086
0.22552061080932617
0.2734792232513428
0.20968079566955566
0.15462756156921387
0.29035091400146484
0.229630708694458
0.28260278701782227
0.3521559238433838
0.21420550346374512
0.24254417419433594
0.2406477928161621
0.40373802185058594
0.18277573585510254
0.22823834419250488
0.3263125419616699
0.34789299964904785
0.11683058738708496
0.17400693893432617
0.2627851963043213
0.15737128257751465
0.31859874725341797
0.2669105529785156
0.3662712574005127
0.33307433128356934
0.2698533535003662
0.2292642593383789
0.24989080429077148
0.3887057304382324
0.2119731903076172
0.25200748443603516
0.21805381774902344
0.39830780029296875
0.304152250289917
0.26200413703918457
0.26957225799560547
0.38877129554748535
0.3191356658935547
0.30429792404174805
0.2714271545410156
0.24402618408203125
0.3599886894226074
0.2999236583709717
0.3458254337310791
0.18208980560302734
0.24840569496154785
0.1640467643737793
0.3315463066101074
0.252697229385376
0.2654383182525635
0.2234053611755371
0.3183457851409912
0.23948192596435547
0.4194667339324951
0.2295362949371338
0.27611541748046875
0.1729719638824463
0.24138355255126953
0.27861738204956055
0.1358356475830078
0.20061945915222168
0.22563767433166504
0.18909955024719238
0.3147404193878174
0.24793601036071777
0.1716904640197754
0.16840553283691406
0.2398827075958252
0.2437882423400879
0.17395377159118652
0.2151012420654297
0.2126002311706543
0.19054484367370605
0.20511364936828613
0.32370781898498535
0.17743682861328125
0.16101431846618652
Average: 0.25723