0.0
0.0
0.0
0.0
0.0
0.0
0.0
0.0
0.0
0.0
0.0
0.0
0.0
0.0
0.0
0.0
0.0
0.0
0.0
0.0
0.0004966259002685547
0.0
0.0
0.0
0.0
0.0
0.0
0.0
0.0
0.0
0.0
0.0
0.0
0.0
0.0
0.0
0.0
0.0
0.0
0.0
0.001001119613647461
0.0
0.0
0.0004966259002685547
0.0
0.0
0.0
0.0004968643188476562
0.0
0.0
0.0
0.0
0.0
0.000507354736328125
0.0
0.0
0.0
0.0004966259002685547
0.0
0.0
0.0004966259002685547
0.0
0.0
0.0
0.0
0.0
0.0
0.0
0.0
0.0
0.0
0.0
0.0
0.0
0.0
0.0
0.0
0.0
0.0
0.0
0.0
0.0
0.0
0.0
0.0
0.0
0.00047969818115234375
0.0
0.0
0.0
0.0
0.0
0.0
0.0004968643188476562
0.0
0.0
0.0
0.0005047321319580078
0.0
0.0
0.0
0.0
0.0
0.0
0.0
0.0
0.001001596450805664
0.0
0.0
0.0
0.0
0.0
0.0
0.0
0.0
0.0
0.0
0.0
0.0004961490631103516
0.0
0.0
0.0
0.0
0.0
0.0
0.0
0.0
0.0
0.0004961490631103516
0.0
0.0
0.0
0.00049591064453125
0.0
0.0004968643188476562
0.0004961490631103516
0.0
0.0
0.0
0.0
0.0
0.0
0.0
0.0
0.0
0.0
0.0
0.0
0.0
0.0
0.0
0.0
0.0004978179931640625
0.0004966259002685547
0.0
0.0
0.0
0.0010025501251220703
0.0
0.0006339550018310547
0.0004968643188476562
0.0
0.00049591064453125
0.0
0.0004973411560058594
0.0
0.0
0.0005066394805908203
0.0
0.0
0.0
0.0
0.0
0.0
0.0
0.0
0.0
0.0
0.0
0.0
0.0
0.0
0.0
0.0
0.0
0.0004963874816894531
0.0004966259002685547
0.0
0.0
0.0
0.0
0.0004963874816894531
0.0
0.0
0.0
0.0
0.0
0.0
0.0
0.0
0.0
0.0
0.0
0.0
0.0
0.0
0.0
0.00049591064453125
0.0
0.0
0.0
0.0
0.0
0.0
0.0
0.0004966259002685547
0.0004968643188476562
0.0
Average: 0.000076