2.083081007003784
1.6141319274902344
1.567687749862671
2.120650053024292
1.4479541778564453
1.5588397979736328
1.5715656280517578
1.4802682399749756
1.6673989295959473
2.075643301010132
1.749537467956543
1.3840036392211914
1.840773344039917
1.4988136291503906
1.616706371307373
2.5416200160980225
1.3597548007965088
1.3552372455596924
2.38310170173645
1.6542456150054932
2.505587100982666
1.4413139820098877
1.7331602573394775
2.444413900375366
1.4945895671844482
1.3868160247802734
1.343761920928955
1.4207978248596191
1.4338147640228271
1.5941014289855957
3.8155362606048584
2.039787769317627
1.6530821323394775
3.20043683052063
2.0233800411224365
1.4432413578033447
2.8212690353393555
1.5977201461791992
1.605703353881836
1.559077262878418
1.5725290775299072
1.8616552352905273
1.7431762218475342
2.1828250885009766
1.7185215950012207
2.03253173828125
1.642904281616211
1.5248427391052246
1.6685404777526855
3.6273326873779297
1.5604002475738525
1.9503986835479736
1.346161127090454
1.4654490947723389
2.8020389080047607
1.6121745109558105
3.1130778789520264
2.141627073287964
2.961247682571411
3.0898823738098145
1.6502172946929932
1.2951016426086426
2.785531997680664
2.2871530055999756
1.7950668334960938
1.3949034214019775
2.1245970726013184
1.4744749069213867
1.3821542263031006
1.5201787948608398
1.7230193614959717
2.45298433303833
1.3982970714569092
1.6122047901153564
1.3834047317504883
1.40134596824646
1.4911694526672363
2.6604220867156982
1.7933144569396973
2.0829238891601562
2.0864412784576416
1.5663015842437744
1.445641040802002
1.9067561626434326
1.7578918933868408
1.6967463493347168
1.5669021606445312
1.546022653579712
1.5800411701202393
1.8725967407226562
1.673668384552002
1.6402873992919922
1.8699352741241455
1.6855127811431885
1.9140756130218506
3.2075092792510986
1.7734293937683105
1.595015525817871
2.353844404220581
1.7086026668548584
1.4567899703979492
1.6087725162506104
2.461369276046753
1.3730003833770752
2.9870765209198
1.5338003635406494
1.436990737915039
1.6239535808563232
1.4413933753967285
1.4686832427978516
1.6222093105316162
1.7757229804992676
1.8670358657836914
1.612581491470337
2.0034120082855225
1.7250444889068604
1.7405712604522705
1.5307285785675049
1.5921931266784668
1.9067063331604004
1.397902488708496
1.7262225151062012
2.1574010848999023
1.4589457511901855
1.6306135654449463
1.3838441371917725
3.0863189697265625
1.276733160018921
1.5997626781463623
2.4645934104919434
1.801429033279419
1.753586769104004
1.6524953842163086
1.4898595809936523
3.1544601917266846
1.2859385013580322
1.5042469501495361
1.4768290519714355
1.7489368915557861
2.0068252086639404
1.4906940460205078
1.5341689586639404
1.6787893772125244
1.5949852466583252
1.668529987335205
1.555513858795166
1.4005093574523926
2.529906988143921
1.968552589416504
1.7081620693206787
1.7763869762420654
1.4847311973571777
1.8568570613861084
1.8823344707489014
1.7274374961853027
1.7295923233032227
1.6664979457855225
1.5035243034362793
1.6755037307739258
1.424957036972046
1.4930682182312012
1.7715368270874023
1.6042523384094238
1.9007933139801025
1.5659112930297852
1.7295818328857422
1.7713408470153809
1.5514681339263916
2.1268463134765625
1.5534985065460205
1.7341077327728271
1.6029884815216064
1.6091806888580322
2.471289873123169
1.711726427078247
1.7681856155395508
1.7611792087554932
2.0539777278900146
1.8810548782348633
1.926391839981079
1.4411253929138184
1.6239721775054932
1.4859905242919922
1.8844482898712158
1.7201995849609375
2.2165515422821045
2.239248514175415
1.6708390712738037
3.021494150161743
1.5516715049743652
1.9272797107696533
1.5067014694213867
3.669283151626587
1.5457706451416016
2.0014402866363525
1.5822336673736572
1.7142271995544434
1.5903041362762451
1.5021922588348389
1.9331226348876953
2.064736843109131
1.3836781978607178
1.612612247467041
2.170083999633789
2.012310266494751
1.9911448955535889
1.881542682647705
1.5505669116973877
1.865098476409912
2.1244149208068848
1.5859003067016602
2.1908557415008545
1.6278386116027832
1.6545355319976807
1.6644654273986816
2.370112419128418
1.4699101448059082
1.6429195404052734
1.5986135005950928
1.6403272151947021
2.6380510330200195
1.720306158065796
2.9052305221557617
1.5933382511138916
1.6744835376739502
2.464021921157837
1.7541108131408691
1.9058969020843506
1.7339363098144531
3.0084402561187744
1.6056950092315674
1.6814134120941162
1.5867621898651123
1.7381634712219238
1.4638452529907227
1.5078575611114502
1.410825252532959
2.31286358833313
1.7005140781402588
1.7547414302825928
1.8626413345336914
1.7899062633514404
1.7340121269226074
2.1756975650787354
1.6160225868225098
1.7251293659210205
1.6328885555267334
2.30149507522583
1.8731436729431152
1.6998016834259033
1.6574242115020752
1.9266135692596436
1.8395111560821533
1.5890629291534424
1.8798794746398926
1.744180679321289
3.9618756771087646
1.8055956363677979
1.6250033378601074
1.8919463157653809
1.4236128330230713
1.9362261295318604
1.734595537185669
3.7751147747039795
2.5294344425201416
2.542682409286499
2.1154260635375977
2.3989741802215576
1.6039597988128662
1.9758641719818115
1.7252411842346191
1.5470843315124512
1.6318275928497314
2.1317389011383057
1.9803290367126465
2.283827066421509
1.9140729904174805
1.4201388359069824
1.48545241355896
1.6290698051452637
1.545522689819336
2.4547760486602783
1.765387773513794
1.6685097217559814
2.131296157836914
1.8389801979064941
3.021186113357544
1.7666676044464111
2.8886609077453613
1.5149734020233154
1.7051892280578613
2.235161781311035
2.6725401878356934
2.5653276443481445
2.1269967555999756
3.1810903549194336
1.5859570503234863
1.6085233688354492
1.7552013397216797
1.2786524295806885
1.4837396144866943
1.7600934505462646
1.6126656532287598
1.4237053394317627
1.5149884223937988
1.733644723892212
2.8481624126434326
1.4998433589935303
1.5180325508117676
1.6052930355072021
2.462956666946411
1.8273906707763672
2.1504688262939453
1.5510876178741455
1.7470240592956543
1.7426459789276123
1.5706634521484375
2.263201951980591
1.4781391620635986
1.7611196041107178
1.7197363376617432
2.463564872741699
1.5384299755096436
1.5140502452850342
1.7390835285186768
1.6390693187713623
2.4987118244171143
1.6768333911895752
2.214048385620117
1.5720198154449463
1.5936226844787598
1.7347385883331299
1.4651079177856445
1.7935512065887451
2.045405626296997
1.371154546737671
3.9507625102996826
1.6099791526794434
1.4892654418945312
1.6738040447235107
1.5963377952575684
1.5912129878997803
1.6067097187042236
1.9314112663269043
1.5926463603973389
1.4730548858642578
3.8751368522644043
1.5071685314178467
2.149808406829834
1.6656692028045654
2.092750310897827
1.5323684215545654
2.175889015197754
1.6749391555786133
1.4772191047668457
2.3213605880737305
1.7899658679962158
1.77951979637146
1.5620527267456055
2.5998644828796387
1.6073832511901855
3.009596586227417
2.014324426651001
1.6378912925720215
2.4515228271484375
1.5918676853179932
1.7733850479125977
1.9264278411865234
1.3633019924163818
1.6097548007965088
1.582418441772461
2.004551410675049
1.7430915832519531
1.5496444702148438
3.8093533515930176
2.155388116836548
1.6014134883880615
2.15620493888855
1.525707721710205
1.7321906089782715
1.7100679874420166
2.149956464767456
1.9664392471313477
1.3755378723144531
2.2379777431488037
1.6997013092041016
1.575744390487671
2.2686147689819336
1.5686843395233154
2.007070541381836
1.7329392433166504
1.5221149921417236
1.3905408382415771
1.4308385848999023
3.9075210094451904
1.485408067703247
1.535212516784668
2.2524752616882324
1.40761399269104
1.3581516742706299
1.3303179740905762
4.0003533363342285
1.570281744003296
2.3181889057159424
1.7688789367675781
2.223479747772217
2.051856517791748
1.6573033332824707
2.686518669128418
1.6258924007415771
2.668236255645752
1.5189406871795654
2.085017681121826
2.6500442028045654
1.956470012664795
2.604642629623413
1.6605896949768066
1.9074881076812744
2.110448122024536
2.147948980331421
1.4001710414886475
1.834451675415039
2.538414716720581
1.9314892292022705
1.9590930938720703
2.30708646774292
2.3251054286956787
1.5086426734924316
2.2879459857940674
1.9213066101074219
2.2010111808776855
1.980675220489502
1.581535816192627
1.7465300559997559
1.4690093994140625
1.751401424407959
1.715775728225708
1.5858161449432373
1.6125338077545166
1.7661516666412354
1.520660638809204
1.8241045475006104
1.7116563320159912
1.8802664279937744
1.770301103591919
1.5513067245483398
1.5627660751342773
3.8801681995391846
1.5501081943511963
1.932866096496582
1.4164960384368896
1.6301283836364746
1.7535972595214844
1.9019832611083984
1.5896878242492676
1.6373968124389648
1.5240509510040283
1.5386860370635986
1.6972930431365967
2.1638548374176025
1.8045687675476074
1.8769941329956055
2.2700355052948
1.9657344818115234
2.7878570556640625
2.4409985542297363
1.3411858081817627
1.643411636352539
1.742480993270874
1.6277756690979004
1.5890281200408936
1.7640492916107178
1.8786635398864746
1.918513536453247
1.9934654235839844
1.5793194770812988
1.7815947532653809
1.5645332336425781
1.7217683792114258
1.7088334560394287
1.699488639831543
1.8518264293670654
2.3428359031677246
1.5832252502441406
1.4862306118011475
1.6796588897705078
1.763765811920166
1.9356772899627686
2.1205506324768066
2.490642786026001
2.1500589847564697
3.885467767715454
2.090817928314209
1.5433979034423828
2.0224268436431885
1.5727403163909912
1.6114017963409424
1.7325794696807861
1.5919880867004395
1.979816198348999
1.5634386539459229
1.585920810699463
1.6727418899536133
1.5186407566070557
1.7629458904266357
1.416057825088501
1.7839229106903076
3.154648542404175
1.812429666519165
1.8284881114959717
1.8456134796142578
1.703627347946167
1.4412217140197754
1.572941780090332
1.6126677989959717
1.7031469345092773
1.5998692512512207
2.7510852813720703
1.5035557746887207
1.8420226573944092
1.7433571815490723
1.7605183124542236
2.304584264755249
1.7172565460205078
2.5535695552825928
1.610771894454956
1.9189937114715576
2.0907061100006104
1.6326501369476318
2.658407211303711
1.777083158493042
2.32242488861084
1.714369535446167
1.9489617347717285
1.6403841972351074
1.753110408782959
1.8099024295806885
1.5690066814422607
1.7618417739868164
2.1709017753601074
1.3958756923675537
1.7241222858428955
1.598785161972046
1.75101637840271
2.4719817638397217
1.770345687866211
1.622056484222412
2.4738049507141113
1.3791472911834717
1.7260854244232178
1.851926326751709
1.6518363952636719
1.7870674133300781
1.608414888381958
1.6326267719268799
1.6312534809112549
1.6154961585998535
1.7539644241333008
2.3609492778778076
1.5821850299835205
3.4528615474700928
1.767995834350586
1.8564276695251465
1.7386608123779297
1.4650700092315674
2.0490245819091797
1.699981689453125
1.9258034229278564
1.434678316116333
1.6729810237884521
1.8704943656921387
2.2287380695343018
2.495877265930176
1.3568811416625977
1.5015888214111328
1.4984972476959229
1.4915223121643066
1.6080424785614014
1.5219178199768066
1.4726624488830566
1.8914785385131836
2.546699285507202
1.5402448177337646
1.7539176940917969
1.603987693786621
1.7620999813079834
1.726518154144287
1.63230562210083
1.4623959064483643
1.4264779090881348
1.9845356941223145
1.6889660358428955
1.5940086841583252
1.5038819313049316
1.631969690322876
1.883448839187622
2.418891191482544
2.239899158477783
1.828242540359497
1.621507167816162
1.742469310760498
1.9036002159118652
2.7933132648468018
1.862830400466919
1.82900071144104
2.2787928581237793
1.8322641849517822
1.567467212677002
2.0815465450286865
1.494537353515625
2.0716288089752197
1.5680122375488281
1.4394466876983643
2.5247414112091064
2.9075472354888916
3.8090436458587646
2.3827433586120605
2.0885043144226074
2.0462582111358643
2.27976655960083
1.513524055480957
1.3804011344909668
2.9812517166137695
1.6738028526306152
2.558534860610962
1.8202567100524902
2.7112436294555664
3.883798599243164
2.508138656616211
1.8808202743530273
3.9197895526885986
1.9755823612213135
1.8838841915130615
2.5184857845306396
3.775282382965088
1.603442668914795
1.981353998184204
1.8706188201904297
2.718651533126831
2.3692893981933594
2.2302303314208984
2.126422643661499
2.125455856323242
1.4766180515289307
1.657597303390503
1.6139838695526123
1.6190588474273682
1.860004186630249
1.79427170753479
1.5120208263397217
2.069974899291992
1.962838888168335
1.962573766708374
1.82883620262146
1.8699455261230469
1.6314997673034668
1.4795341491699219
2.662426233291626
1.833125352859497
1.961827278137207
1.4530408382415771
2.296593427658081
1.3344473838806152
1.5384154319763184
2.8358731269836426
2.6664206981658936
3.7690775394439697
1.5481674671173096
1.8686063289642334
1.3848590850830078
1.4617538452148438
1.9429872035980225
1.338850736618042
1.969848871231079
1.8382673263549805
1.447828769683838
1.977290153503418
1.6002564430236816
1.7281224727630615
1.7008600234985352
1.4742605686187744
1.5815644264221191
1.7522945404052734
1.4753773212432861
2.0283079147338867
1.716073751449585
1.576141595840454
1.9068360328674316
1.687532901763916
1.5852329730987549
1.977118968963623
1.5713624954223633
1.8325514793395996
1.582653284072876
1.862455129623413
1.4517033100128174
1.5354375839233398
1.516667127609253
1.589170217514038
2.1402335166931152
1.5323121547698975
1.974579095840454
2.7031569480895996
1.5259621143341064
2.0839405059814453
1.494586706161499
1.587801218032837
3.4331209659576416
1.6775028705596924
1.8187944889068604
1.5566699504852295
1.4646623134613037
1.8850905895233154
1.5165801048278809
2.1372907161712646
1.6947157382965088
1.6612262725830078
3.80708384513855
1.9797255992889404
1.9099204540252686
2.454709768295288
1.7363958358764648
1.9722731113433838
1.574615716934204
2.5622687339782715
2.192377805709839
1.4699714183807373
1.81014084815979
1.541884183883667
1.531527042388916
2.000450611114502
1.6994481086730957
1.4319522380828857
1.9230577945709229
1.4741551876068115
1.5965824127197266
1.8949165344238281
1.8361752033233643
1.6414659023284912
1.4637970924377441
2.157686948776245
1.796227216720581
1.855198621749878
1.6856517791748047
1.9921095371246338
1.5201430320739746
1.964477777481079
1.6696231365203857
1.4693975448608398
2.037745714187622
1.601973533630371
2.004981279373169
1.5047497749328613
1.5377323627471924
2.202714443206787
1.502906322479248
1.5925979614257812
1.5943901538848877
1.4534742832183838
1.7990944385528564
1.5984585285186768
1.8321044445037842
2.4448840618133545
1.760434627532959
1.6499853134155273
1.8186194896697998
3.145569324493408
1.3331489562988281
1.4823644161224365
1.9175264835357666
1.7010247707366943
1.6451153755187988
1.5420117378234863
3.2655558586120605
1.5636720657348633
1.4619224071502686
1.4760916233062744
3.610732316970825
1.5639433860778809
2.301422595977783
1.4617655277252197
1.5489163398742676
2.649385452270508
1.5949485301971436
2.6715023517608643
2.0182502269744873
1.8472747802734375
1.693101406097412
1.741199016571045
1.9755611419677734
1.6244335174560547
1.8983244895935059
1.5903801918029785
1.8852906227111816
1.451625108718872
1.636641502380371
1.8838846683502197
1.5948960781097412
1.7047362327575684
1.9909038543701172
1.987069845199585
1.8415074348449707
1.6039645671844482
1.8465468883514404
1.7025437355041504
1.842705488204956
1.8800992965698242
1.4530260562896729
1.6240358352661133
1.5714049339294434
2.0312085151672363
1.4084572792053223
1.6929404735565186
2.1293885707855225
1.474088430404663
1.659153699874878
1.563852310180664
2.238081932067871
1.5990071296691895
1.72237229347229
1.6261050701141357
1.621955394744873
1.7085545063018799
1.6059303283691406
1.607593059539795
1.886565923690796
1.614656686782837
1.882646083831787
1.3960411548614502
2.230055809020996
1.6076078414916992
2.02020525932312
1.4445128440856934
1.6477878093719482
1.5788383483886719
1.5775301456451416
2.16919207572937
1.626744270324707
1.5036683082580566
1.6455495357513428
1.7190678119659424
2.439927816390991
1.569887638092041
2.4502367973327637
1.913942575454712
1.7792437076568604
1.520035743713379
1.5269877910614014
3.3992385864257812
1.4658098220825195
1.8773479461669922
2.6164143085479736
1.6270430088043213
1.4796080589294434
3.9388809204101562
2.1232335567474365
2.7110064029693604
1.7872819900512695
2.0788414478302
2.850778579711914
1.5600433349609375
1.5983390808105469
1.5902886390686035
3.3119606971740723
1.4471399784088135
1.5597248077392578
1.5122737884521484
1.6085805892944336
1.4832022190093994
2.0751073360443115
1.712414264678955
1.6030738353729248
1.672921895980835
1.6100821495056152
1.4486770629882812
1.482865571975708
3.969108819961548
1.4804725646972656
1.6291508674621582
1.7216167449951172
1.4456794261932373
1.790919542312622
1.9065968990325928
1.7168500423431396
1.9056892395019531
1.6135246753692627
1.8652575016021729
1.8362641334533691
1.4666271209716797
1.776960849761963
2.014479875564575
1.846721887588501
1.6365571022033691
1.4581489562988281
1.4810349941253662
1.767458200454712
1.4429495334625244
1.5453989505767822
1.6184978485107422
1.6456036567687988
1.534057855606079
1.9243700504302979
1.6906061172485352
1.8111190795898438
2.3071229457855225
1.6625401973724365
1.6604597568511963
1.5563881397247314
1.8200418949127197
2.019765853881836
2.3321216106414795
1.660994529724121
1.6808977127075195
3.619858980178833
1.4645392894744873
1.7085587978363037
3.2044661045074463
1.609098196029663
1.8672187328338623
3.9128952026367188
1.5677146911621094
1.4039793014526367
1.1095538139343262
1.6014368534088135
1.325254201889038
1.6769158840179443
1.6251864433288574
1.3746225833892822
1.272608995437622
1.262470006942749
1.5374760627746582
1.2251791954040527
2.931149959564209
1.7913260459899902
2.9559459686279297
2.178518533706665
2.5703892707824707
2.5284276008605957
2.4074113368988037
1.8510510921478271
1.7109260559082031
1.234668254852295
1.1238384246826172
1.3716986179351807
1.32594895362854
1.4116101264953613
1.6900620460510254
1.3874096870422363
2.1100547313690186
1.2208831310272217
1.1979334354400635
1.3396389484405518
1.5016450881958008
2.1304590702056885
2.128962993621826
2.5899417400360107
2.0015289783477783
3.063163995742798
1.3423547744750977
3.0303125381469727
1.3119025230407715
1.3868346214294434
1.6694648265838623
1.3840806484222412
1.381511926651001
Average: 1.86944