0.039136409759521484
0.019366025924682617
0.01921367645263672
0.06730079650878906
0.024404048919677734
0.022578954696655273
0.017992019653320312
0.01732611656188965
0.025187015533447266
0.024084091186523438
0.028615951538085938
0.022432327270507812
0.026711225509643555
0.021404743194580078
0.022879362106323242
0.021417617797851562
0.023834705352783203
0.022930383682250977
0.02111673355102539
0.021448373794555664
0.023001909255981445
0.019648313522338867
0.022795915603637695
0.025049448013305664
0.02304840087890625
0.020870208740234375
0.021767616271972656
0.025740623474121094
0.02289128303527832
0.024282217025756836
0.020702838897705078
0.021389245986938477
0.0269014835357666
0.024998903274536133
0.02460503578186035
0.033440589904785156
0.025287866592407227
0.021549701690673828
0.024096250534057617
0.021945953369140625
0.02453470230102539
0.033479928970336914
0.02612471580505371
0.02145838737487793
0.01829814910888672
0.024298667907714844
0.023967742919921875
0.02414679527282715
0.02292466163635254
0.02271437644958496
0.02226400375366211
0.022734880447387695
0.023658037185668945
0.024771451950073242
0.020911693572998047
0.024421215057373047
0.021405696868896484
0.02106952667236328
0.025112628936767578
0.025342702865600586
0.029416799545288086
0.026402711868286133
0.025348901748657227
0.02289557456970215
0.024436235427856445
0.023314952850341797
0.024451732635498047
0.02699732780456543
0.021900415420532227
0.023400068283081055
0.025154590606689453
0.02268195152282715
0.02076101303100586
0.022896528244018555
0.02463388442993164
0.022901535034179688
0.026087522506713867
0.03579878807067871
0.022428512573242188
0.021094799041748047
0.024724483489990234
0.022898435592651367
0.023558378219604492
0.025868892669677734
0.024124860763549805
0.025366783142089844
0.025722980499267578
0.03493380546569824
0.02235269546508789
0.02290940284729004
0.021553516387939453
0.024250507354736328
0.02393031120300293
0.02716851234436035
0.02619767189025879
0.022196054458618164
0.024389266967773438
0.01963973045349121
0.02838277816772461
0.023509979248046875
0.028752565383911133
0.023205041885375977
0.024920225143432617
0.02378082275390625
0.02601766586303711
0.02736973762512207
0.021368026733398438
0.02209162712097168
0.018042802810668945
0.016040802001953125
0.018990516662597656
0.016974449157714844
0.017983198165893555
0.02002120018005371
0.022532224655151367
0.030590295791625977
0.03510546684265137
0.02905726432800293
0.02364492416381836
0.02457284927368164
0.022500991821289062
0.023079395294189453
0.023891925811767578
0.023092985153198242
0.023035049438476562
0.024394750595092773
0.030051231384277344
0.022958755493164062
0.028542280197143555
0.02552652359008789
0.022415876388549805
0.02876114845275879
0.0251619815826416
0.02277207374572754
0.015763282775878906
0.017245769500732422
0.017467260360717773
0.015977144241333008
0.017107725143432617
0.016633033752441406
0.015385150909423828
0.015869140625
0.017024755477905273
0.01752185821533203
0.022002220153808594
0.02616095542907715
0.019919633865356445
0.0266571044921875
0.023839235305786133
0.022635221481323242
0.02451300621032715
0.02311229705810547
0.02129983901977539
0.024246692657470703
0.022410869598388672
0.018359899520874023
0.01641988754272461
0.028893709182739258
0.016615867614746094
0.02392721176147461
0.026149988174438477
0.027467966079711914
0.021450519561767578
0.024174213409423828
0.02336406707763672
0.021370410919189453
0.023603200912475586
0.026106595993041992
0.029960155487060547
0.023876190185546875
0.028284072875976562
0.025064945220947266
0.024065732955932617
0.02338862419128418
0.023586273193359375
0.025904417037963867
0.02340841293334961
0.024331331253051758
0.02488422393798828
0.02391958236694336
0.021633386611938477
0.02993178367614746
0.028360605239868164
0.029340744018554688
0.026255369186401367
0.022742033004760742
0.022917509078979492
0.018390178680419922
0.01694798469543457
0.02545309066772461
0.031236886978149414
0.0289614200592041
0.02831101417541504
0.028895854949951172
0.024219036102294922
0.02937912940979004
0.02637958526611328
0.025927066802978516
0.03199577331542969
0.024980783462524414
0.023531675338745117
0.0229032039642334
0.02723073959350586
0.018336772918701172
0.024792194366455078
0.03193807601928711
0.02995467185974121
0.024504423141479492
0.022076845169067383
0.026506423950195312
0.027713537216186523
0.026401758193969727
0.026036739349365234
0.020234107971191406
0.025417566299438477
0.02891230583190918
0.027741432189941406
0.02687811851501465
0.026420116424560547
0.023375511169433594
0.02576923370361328
0.027062416076660156
0.020473957061767578
0.02701115608215332
0.020516157150268555
0.017495393753051758
0.01855611801147461
0.024677753448486328
0.03087306022644043
0.021504640579223633
0.022426843643188477
0.023745059967041016
0.024629592895507812
0.01863551139831543
0.023202180862426758
0.02019524574279785
0.02488422393798828
0.0234067440032959
0.021906375885009766
0.02440476417541504
0.0239105224609375
0.024791240692138672
0.021905899047851562
0.026650667190551758
0.021280527114868164
0.022804737091064453
0.022901535034179688
0.022515058517456055
0.027131319046020508
0.02373814582824707
0.025700092315673828
0.022116661071777344
0.022954225540161133
0.025548934936523438
0.022382497787475586
0.026284217834472656
0.02091050148010254
0.021756649017333984
0.03339672088623047
0.023402929306030273
0.025441884994506836
0.025390148162841797
0.028873443603515625
0.02550029754638672
0.025005578994750977
0.02204585075378418
0.0225217342376709
0.024214982986450195
0.024051666259765625
0.024739980697631836
0.025048255920410156
0.024059772491455078
0.021962404251098633
0.025036096572875977
0.025908470153808594
0.02656698226928711
0.02300286293029785
0.02491021156311035
0.02480483055114746
0.025603055953979492
0.02492356300354004
0.02431511878967285
0.022937774658203125
0.023361682891845703
0.02390599250793457
0.025452613830566406
0.023761987686157227
0.024913787841796875
0.021551847457885742
0.022463321685791016
0.025420665740966797
0.022408485412597656
0.023420333862304688
0.025603055953979492
0.02691507339477539
0.02439737319946289
0.0276334285736084
0.023900508880615234
0.02416372299194336
0.027147293090820312
0.018904924392700195
0.023138046264648438
0.024579763412475586
0.016969680786132812
0.022310972213745117
0.02403545379638672
0.020914077758789062
0.02328968048095703
0.02623772621154785
0.026251554489135742
0.027118444442749023
0.02498006820678711
0.026392698287963867
0.026406288146972656
0.028301715850830078
0.022017240524291992
0.021965980529785156
0.0265505313873291
0.02706289291381836
0.025516271591186523
0.02535247802734375
0.03085184097290039
0.02765178680419922
0.030376195907592773
0.023855209350585938
0.021904706954956055
0.024059534072875977
0.02492356300354004
0.022403955459594727
0.030640602111816406
0.02698683738708496
0.02255415916442871
0.028367996215820312
0.022040128707885742
0.024536609649658203
0.02243661880493164
0.030884265899658203
0.030946016311645508
0.028026580810546875
0.03379178047180176
0.02838873863220215
0.023915529251098633
0.024893522262573242
0.026081562042236328
0.02870774269104004
0.03088998794555664
0.024895668029785156
0.026872873306274414
0.0254364013671875
0.0239408016204834
0.027759075164794922
0.022890567779541016
0.023195266723632812
0.020923852920532227
0.02103424072265625
0.02160048484802246
0.024030685424804688
0.025393962860107422
0.024890899658203125
0.02441883087158203
0.023020505905151367
0.024018287658691406
0.01628875732421875
0.01729106903076172
0.025820016860961914
0.02264714241027832
0.02194380760192871
0.023033618927001953
0.024848461151123047
0.017915964126586914
0.01909494400024414
0.0203702449798584
0.017436504364013672
0.02323317527770996
0.025298118591308594
0.020739316940307617
0.023690223693847656
0.024724960327148438
0.024428606033325195
0.01725625991821289
0.01874542236328125
0.02270030975341797
0.019336462020874023
0.02453780174255371
0.02141547203063965
0.02550959587097168
0.02962350845336914
0.023327350616455078
0.023554563522338867
0.021895170211791992
0.025820255279541016
0.025232315063476562
0.022040367126464844
0.026099205017089844
0.02144312858581543
0.02239680290222168
0.02490830421447754
0.025416851043701172
0.022401094436645508
0.023098230361938477
0.022934913635253906
0.0218353271484375
0.02167963981628418
0.028543472290039062
0.02835536003112793
0.024988889694213867
0.021455764770507812
0.02708268165588379
0.024038314819335938
0.025846481323242188
0.02492046356201172
0.02526235580444336
0.024599552154541016
0.027942657470703125
0.02386474609375
0.018249988555908203
0.03406405448913574
0.022624731063842773
0.02589273452758789
0.01706218719482422
0.026970863342285156
0.026869773864746094
0.02624678611755371
0.026865005493164062
0.022408723831176758
0.025991201400756836
0.02290034294128418
0.026086807250976562
0.026314496994018555
0.02348637580871582
0.02551579475402832
0.021025896072387695
0.01749110221862793
0.023903846740722656
0.023511409759521484
0.02055191993713379
0.02391815185546875
0.02589702606201172
0.025894880294799805
0.025057077407836914
0.024397611618041992
0.021522998809814453
0.022922992706298828
0.027118444442749023
0.03021407127380371
0.025035619735717773
0.028385639190673828
0.023936033248901367
0.022041797637939453
0.026058673858642578
0.02203226089477539
0.023447036743164062
0.027678966522216797
0.02878403663635254
0.022627830505371094
0.021918773651123047
0.02337360382080078
0.022516727447509766
0.01801276206970215
0.018004894256591797
0.02416253089904785
0.020380020141601562
0.02458977699279785
0.021443605422973633
0.025901079177856445
0.022927284240722656
0.02394580841064453
0.021012306213378906
0.02604222297668457
0.026528120040893555
0.02207660675048828
0.02788996696472168
0.02951979637145996
0.02412700653076172
0.0261843204498291
0.02577066421508789
0.02554607391357422
0.022459745407104492
0.024595260620117188
0.0238950252532959
0.026241540908813477
0.02444314956665039
0.02168416976928711
0.022875070571899414
0.021502256393432617
0.020809650421142578
0.026543617248535156
0.026401519775390625
0.028365612030029297
0.025434017181396484
0.026993513107299805
0.024891138076782227
0.018665552139282227
0.018400192260742188
0.028795242309570312
0.025342702865600586
0.02889394760131836
0.027004241943359375
0.021198034286499023
0.021683454513549805
0.028104066848754883
0.023835420608520508
0.02398991584777832
0.0254824161529541
0.023917198181152344
0.016432762145996094
0.023553133010864258
0.023894309997558594
0.023391246795654297
0.026084423065185547
0.02199578285217285
0.025012969970703125
0.02817559242248535
0.02447676658630371
0.02443981170654297
0.02263045310974121
0.03110027313232422
0.024198055267333984
0.02693319320678711
0.024144887924194336
0.024895906448364258
0.026079416275024414
0.025942087173461914
0.02486109733581543
0.0227203369140625
0.02506566047668457
0.023549556732177734
0.023957014083862305
0.019049882888793945
0.01991105079650879
0.021650075912475586
0.01740241050720215
0.02013421058654785
0.018399477005004883
0.02424001693725586
0.023845672607421875
0.023286819458007812
0.023388147354125977
0.0239255428314209
0.024704694747924805
0.01854538917541504
0.01998424530029297
0.017109394073486328
0.018407344818115234
0.02631831169128418
0.028202295303344727
0.027478933334350586
0.022966861724853516
0.019164323806762695
0.018146753311157227
0.023904800415039062
0.021155357360839844
0.021547794342041016
0.025374412536621094
0.02312493324279785
0.022896528244018555
0.023700714111328125
0.021908283233642578
0.022298097610473633
0.024926424026489258
0.025051116943359375
0.02597522735595703
0.023282289505004883
0.025949954986572266
0.029389381408691406
0.027320146560668945
0.02293539047241211
0.025884628295898438
0.017400503158569336
0.023132801055908203
0.023591995239257812
0.019602060317993164
0.018845796585083008
0.017508745193481445
0.02411937713623047
0.025706768035888672
0.025593996047973633
0.0215456485748291
0.023596525192260742
0.022456884384155273
0.025343656539916992
0.02438521385192871
0.024567604064941406
0.02387261390686035
0.022089242935180664
0.02538442611694336
0.021396636962890625
0.021738767623901367
0.027435302734375
0.031006813049316406
0.027877092361450195
0.023707151412963867
0.016008377075195312
0.0204775333404541
0.02472233772277832
0.02439427375793457
0.018884658813476562
0.025496482849121094
0.03087782859802246
0.024921417236328125
0.027443647384643555
0.02838897705078125
0.027567386627197266
0.024247407913208008
0.027003049850463867
0.02143573760986328
0.021427392959594727
0.025754928588867188
0.02435612678527832
0.025716066360473633
0.027379989624023438
0.025773048400878906
0.025389671325683594
0.025576114654541016
0.026514530181884766
0.0279998779296875
0.025272369384765625
0.025778532028198242
0.02403092384338379
0.0209653377532959
0.02755117416381836
0.025209665298461914
0.029799938201904297
0.024919986724853516
0.030943632125854492
0.02999114990234375
0.025444746017456055
0.024860143661499023
0.0246429443359375
0.02304387092590332
0.024059295654296875
0.023031234741210938
0.02753615379333496
0.023791790008544922
0.02347707748413086
0.02222132682800293
0.02205514907836914
0.02364945411682129
0.026546716690063477
0.019288301467895508
0.022968769073486328
0.027461767196655273
0.022075891494750977
0.024519681930541992
0.022519826889038086
0.02102947235107422
0.024704694747924805
0.02240300178527832
0.02245807647705078
0.023177146911621094
0.024909257888793945
0.021976232528686523
0.02277684211730957
0.024455547332763672
0.02613377571105957
0.022861719131469727
0.021472930908203125
0.0231020450592041
0.023005008697509766
0.025546789169311523
0.021869897842407227
0.025213241577148438
0.02591538429260254
0.024287939071655273
0.028406620025634766
0.023892879486083984
0.021642684936523438
0.023939847946166992
0.025115013122558594
0.023489952087402344
0.0248873233795166
0.028029441833496094
0.023154020309448242
0.02790999412536621
0.023714542388916016
0.03220510482788086
0.027852773666381836
0.027863264083862305
0.022577524185180664
0.02144312858581543
0.022728681564331055
0.0278928279876709
0.01991415023803711
0.02205657958984375
0.022001028060913086
0.025212764739990234
0.028258085250854492
0.022678136825561523
0.023491382598876953
0.02262568473815918
0.025906085968017578
0.0230410099029541
0.023395538330078125
0.02054142951965332
0.02087569236755371
0.025907278060913086
0.0225522518157959
0.022382020950317383
0.023350238800048828
0.025324583053588867
0.02489614486694336
0.02507948875427246
0.02198481559753418
0.027412891387939453
0.024936676025390625
0.023402929306030273
0.02952432632446289
0.021261930465698242
0.024759292602539062
0.022759199142456055
0.023031234741210938
0.023433923721313477
0.023495912551879883
0.02128458023071289
0.02416539192199707
0.024388551712036133
0.025948047637939453
0.023616313934326172
0.0254666805267334
0.028530120849609375
0.024040937423706055
0.023290395736694336
0.0220644474029541
0.024347782135009766
0.020160198211669922
0.024480581283569336
0.022984743118286133
0.026424884796142578
0.030606985092163086
0.030899763107299805
0.028140783309936523
0.02948141098022461
0.03059244155883789
0.022895097732543945
0.02101612091064453
0.023899078369140625
0.022930622100830078
0.02755117416381836
0.023914337158203125
0.017487764358520508
0.03789830207824707
0.023041963577270508
0.02275872230529785
0.022418975830078125
0.02440929412841797
0.02389216423034668
0.023870468139648438
0.02522873878479004
0.02407097816467285
0.025416851043701172
0.023448705673217773
0.024435043334960938
0.023732423782348633
0.020624876022338867
0.02346348762512207
0.022020816802978516
0.021003007888793945
0.02368903160095215
0.026122331619262695
0.022322416305541992
0.023820877075195312
0.02761054039001465
0.023633956909179688
0.022009849548339844
0.0209653377532959
0.021995067596435547
0.023952960968017578
0.030118942260742188
0.0264127254486084
0.021056175231933594
0.023040056228637695
0.023605823516845703
0.026876449584960938
0.022949934005737305
0.025890827178955078
0.02692723274230957
0.024918079376220703
0.02351689338684082
0.02441239356994629
0.02323460578918457
0.02092146873474121
0.024084091186523438
0.025125503540039062
0.022383689880371094
0.0244293212890625
0.024544477462768555
0.029371023178100586
0.023276805877685547
0.021399497985839844
0.02153182029724121
0.025846242904663086
0.02645707130432129
0.021925687789916992
0.026904582977294922
0.027517318725585938
0.026385068893432617
0.023444414138793945
0.02085399627685547
0.02588033676147461
0.024967670440673828
0.022391557693481445
0.021968841552734375
0.0250546932220459
0.02938365936279297
0.02389693260192871
0.028349637985229492
0.024814367294311523
0.023664236068725586
0.02472686767578125
0.022693634033203125
0.024309635162353516
0.023908138275146484
0.022463321685791016
0.02300858497619629
0.021877527236938477
0.019835948944091797
0.026604413986206055
0.020923376083374023
0.021110057830810547
0.023624181747436523
0.02486705780029297
0.02128148078918457
0.022606849670410156
0.028407812118530273
0.02398848533630371
0.0301358699798584
0.0272216796875
0.029453516006469727
0.0265347957611084
0.02514815330505371
0.027463912963867188
0.024390220642089844
0.025656700134277344
0.022520780563354492
0.021915435791015625
0.0234529972076416
0.024119138717651367
0.022457361221313477
0.024625301361083984
0.024347782135009766
0.02207016944885254
0.01740550994873047
0.023190021514892578
0.025731325149536133
0.032356977462768555
0.020932674407958984
0.023422718048095703
0.028888940811157227
0.026506423950195312
0.027521133422851562
0.028084516525268555
0.023984432220458984
0.02439117431640625
0.029468774795532227
0.027922391891479492
0.027198314666748047
0.024919748306274414
0.024393558502197266
0.024729013442993164
0.021921873092651367
0.03164076805114746
0.02164173126220703
0.023848772048950195
0.02052474021911621
0.023006677627563477
0.020456790924072266
0.03052377700805664
0.023092985153198242
0.02623748779296875
0.02608799934387207
0.022420883178710938
0.027260303497314453
0.02341318130493164
0.02575993537902832
0.024463653564453125
0.025771141052246094
0.024394989013671875
0.02389669418334961
0.025843143463134766
0.02354288101196289
0.02399134635925293
0.023516178131103516
0.019922256469726562
0.024068593978881836
0.021874427795410156
0.024419307708740234
0.027799606323242188
0.023142337799072266
0.023920774459838867
0.024732589721679688
0.02938079833984375
0.02606344223022461
0.023367881774902344
0.023955345153808594
0.028727054595947266
0.027283430099487305
0.02311539649963379
0.0223844051361084
0.02648758888244629
0.026876211166381836
0.02693033218383789
0.02579331398010254
0.022902727127075195
0.024410247802734375
0.025414705276489258
0.022608041763305664
0.022717952728271484
0.023305892944335938
0.023482799530029297
0.023861169815063477
0.023035764694213867
0.022408008575439453
0.023080825805664062
0.020953893661499023
0.025503158569335938
0.019844532012939453
0.01924753189086914
0.01891016960144043
0.019516706466674805
0.02035808563232422
0.01892566680908203
0.017102956771850586
0.020552635192871094
0.023029565811157227
0.02549147605895996
0.024503707885742188
0.023418664932250977
0.027592897415161133
0.028898239135742188
0.024575233459472656
0.026063203811645508
0.024921417236328125
0.0249326229095459
0.0236361026763916
0.02552652359008789
0.023949861526489258
0.020641326904296875
0.01615166664123535
0.025574922561645508
0.023408174514770508
0.0266268253326416
0.022397994995117188
0.020862340927124023
0.03222942352294922
0.024483919143676758
0.02492499351501465
0.0243988037109375
0.024760961532592773
0.021475791931152344
0.02551865577697754
0.0243990421295166
0.025574445724487305
0.017745256423950195
0.02707386016845703
0.024426937103271484
0.027609825134277344
0.024916410446166992
0.02210235595703125
0.02438640594482422
0.023891687393188477
0.0231931209564209
0.024587631225585938
0.02290201187133789
0.025443315505981445
0.025716066360473633
0.024916648864746094
0.027280807495117188
0.02028489112854004
0.026058673858642578
0.02282118797302246
0.017849445343017578
0.020581483840942383
0.01896977424621582
0.024061203002929688
0.025682449340820312
0.021032094955444336
0.02739238739013672
0.03186225891113281
0.023159503936767578
0.023798227310180664
0.016597270965576172
0.017093896865844727
0.016278743743896484
0.019864559173583984
0.02277350425720215
0.027487993240356445
0.022092819213867188
0.025856971740722656
0.023884296417236328
0.021137475967407227
0.024893522262573242
0.025932788848876953
0.02611517906188965
0.025253772735595703
0.024891138076782227
0.024011611938476562
0.02593231201171875
0.021169662475585938
0.02541351318359375
0.026713848114013672
0.024332046508789062
0.024665117263793945
0.021904706954956055
0.024605751037597656
0.0249025821685791
0.024029016494750977
0.029390573501586914
0.02212810516357422
0.023652315139770508
0.024974822998046875
0.021795272827148438
0.02397322654724121
0.025556087493896484
0.0246121883392334
0.021294832229614258
0.02243781089782715
0.023393630981445312
0.02469468116760254
0.024249553680419922
0.022936105728149414
0.024040937423706055
0.025552749633789062
0.021187305450439453
0.02483534812927246
0.024405956268310547
0.021013975143432617
0.01596832275390625
0.016961336135864258
0.02282404899597168
0.019571542739868164
0.02273869514465332
0.02767634391784668
0.01772332191467285
0.025521278381347656
0.028717517852783203
0.025721073150634766
0.022567033767700195
0.023163795471191406
0.02240467071533203
0.02626204490661621
0.02818918228149414
0.023847341537475586
0.023424625396728516
0.026367902755737305
0.028528213500976562
0.021392822265625
0.024504423141479492
0.02498483657836914
0.02297043800354004
0.02278447151184082
0.022853612899780273
0.02389979362487793
0.02381610870361328
0.02142786979675293
0.017444372177124023
0.02054286003112793
0.02406454086303711
0.02395796775817871
0.02161550521850586
0.02542424201965332
0.02443075180053711
0.02688908576965332
0.026154041290283203
0.02492380142211914
0.022136211395263672
0.029491901397705078
0.022716045379638672
0.021385669708251953
0.02597975730895996
0.022993803024291992
0.024778366088867188
0.028240680694580078
0.02308940887451172
0.01991891860961914
0.024393320083618164
0.022417068481445312
0.020723581314086914
0.01743006706237793
0.01944112777709961
0.022979021072387695
0.023901939392089844
0.022892236709594727
0.024935007095336914
0.026700258255004883
0.02422475814819336
0.024407148361206055
0.024944067001342773
0.024695396423339844
0.025543928146362305
0.022405147552490234
0.024396896362304688
0.024930953979492188
0.02389979362487793
0.02438044548034668
0.022897720336914062
0.021236896514892578
0.02121877670288086
0.025123119354248047
0.02594280242919922
0.027400970458984375
0.02289605140686035
0.025707483291625977
0.022549867630004883
0.019924163818359375
0.024415254592895508
0.024338483810424805
0.022034883499145508
0.024059295654296875
0.025371074676513672
0.023415327072143555
0.027411460876464844
0.01898336410522461
0.020453453063964844
0.02197122573852539
0.024080991744995117
0.021667957305908203
0.02335381507873535
0.01796865463256836
0.023819923400878906
0.02309703826904297
0.026416301727294922
0.022939682006835938
0.026344776153564453
0.025981903076171875
0.025399208068847656
0.0265047550201416
0.02410101890563965
0.02272319793701172
0.027715206146240234
0.025199413299560547
0.023510217666625977
0.02551555633544922
0.02354741096496582
0.021587133407592773
0.025905609130859375
0.024947166442871094
0.019728422164916992
0.029774188995361328
0.018707752227783203
0.020252704620361328
0.028056859970092773
0.024394750595092773
0.023078441619873047
0.022229433059692383
0.022725582122802734
0.021970272064208984
0.02250814437866211
0.022816181182861328
0.026131391525268555
0.0255277156829834
0.027566194534301758
0.018961668014526367
0.021472454071044922
0.020262956619262695
0.022904396057128906
0.022914648056030273
0.025385618209838867
0.03058028221130371
0.026128768920898438
0.026421070098876953
0.02409219741821289
0.022780656814575195
0.024280786514282227
0.024924278259277344
0.024657249450683594
0.025864601135253906
0.023067235946655273
0.024390697479248047
0.019002676010131836
0.027421236038208008
0.02706170082092285
0.024750471115112305
0.02543783187866211
0.026094675064086914
0.029930591583251953
0.026032686233520508
0.02990269660949707
0.02450251579284668
0.026897430419921875
0.028391599655151367
0.025263309478759766
0.021900415420532227
0.026627779006958008
0.026407957077026367
0.023763418197631836
0.023923158645629883
0.0256655216217041
0.024912357330322266
0.02255988121032715
0.022928714752197266
0.023546457290649414
0.02392292022705078
0.025734424591064453
0.02851247787475586
0.02371358871459961
0.020984649658203125
0.020943880081176758
0.021689414978027344
0.024964570999145508
0.021951675415039062
0.023976802825927734
0.023911237716674805
0.025682687759399414
0.022944211959838867
0.023921489715576172
0.02890777587890625
0.02369403839111328
0.025920391082763672
0.021192550659179688
0.02339649200439453
0.024222612380981445
0.02272653579711914
0.02616739273071289
0.02474522590637207
0.02491474151611328
0.023438453674316406
0.022793054580688477
0.02625727653503418
0.022942781448364258
0.021143198013305664
0.02332615852355957
0.021913528442382812
0.025399446487426758
0.026033878326416016
0.025401830673217773
0.025882720947265625
0.022451162338256836
0.022360563278198242
0.020988941192626953
0.020917654037475586
0.024126529693603516
0.02822136878967285
0.02342057228088379
0.026372194290161133
0.02225661277770996
0.0211484432220459
0.02437424659729004
0.02651238441467285
0.021428585052490234
0.02340412139892578
0.022407054901123047
0.0224153995513916
0.018461227416992188
0.0253598690032959
0.02205657958984375
0.02257561683654785
0.02737903594970703
0.025356292724609375
0.023671388626098633
0.025814056396484375
0.0235598087310791
0.0187835693359375
0.022708892822265625
0.02412128448486328
0.02190256118774414
0.0283358097076416
0.02286553382873535
0.028395891189575195
0.028432369232177734
0.02841353416442871
0.031412601470947266
0.019542932510375977
0.023654937744140625
0.027894258499145508
0.027802467346191406
0.023918867111206055
0.024563312530517578
0.024970293045043945
0.02595233917236328
0.02638840675354004
0.02789616584777832
0.02785491943359375
0.025896310806274414
0.023892879486083984
0.02638101577758789
0.02269434928894043
0.022907495498657227
0.027420759201049805
0.023839712142944336
0.02276015281677246
0.0249178409576416
0.024697065353393555
0.02063775062561035
0.022606611251831055
0.023980379104614258
0.023349523544311523
0.023017168045043945
0.023297786712646484
0.02165079116821289
0.025937557220458984
0.022704601287841797
0.022490739822387695
0.021471500396728516
0.023798704147338867
0.025151491165161133
0.022220611572265625
0.02316141128540039
0.02678990364074707
0.02256941795349121
0.027129650115966797
0.022939443588256836
0.020909547805786133
0.025527000427246094
0.026863813400268555
0.02538132667541504
0.023403406143188477
0.0218963623046875
0.032975196838378906
0.02594614028930664
0.027572154998779297
0.021190404891967773
0.026387453079223633
0.023891687393188477
0.02322864532470703
0.01704263687133789
0.03239941596984863
0.024911165237426758
0.026753664016723633
0.03157854080200195
0.024388790130615234
0.032485008239746094
0.02689385414123535
0.026154279708862305
0.0257570743560791
0.023567676544189453
0.021889209747314453
0.02489018440246582
0.02495265007019043
0.023930072784423828
0.030360937118530273
0.02322697639465332
0.026378870010375977
0.026440143585205078
0.026315927505493164
0.02690577507019043
0.02393198013305664
0.023248910903930664
0.02325582504272461
0.023920297622680664
0.020938396453857422
0.018262147903442383
0.022005319595336914
0.01842784881591797
0.023914813995361328
0.026881933212280273
0.02994537353515625
0.027539730072021484
0.028124570846557617
0.02572488784790039
0.025867700576782227
0.024901390075683594
0.02312493324279785
0.024347782135009766
0.02342367172241211
0.0242462158203125
0.01843571662902832
0.023902177810668945
0.02438974380493164
0.025387048721313477
0.02145218849182129
0.026072978973388672
0.020998716354370117
0.026230335235595703
0.027920246124267578
0.020928382873535156
0.023084402084350586
0.023394346237182617
0.02143073081970215
0.02643728256225586
0.022417068481445312
0.023904085159301758
0.025529861450195312
0.0248110294342041
0.023374557495117188
0.025925636291503906
0.02217698097229004
0.022165775299072266
0.02456974983215332
0.02177596092224121
0.024448156356811523
0.023433923721313477
0.024796724319458008
0.022945642471313477
0.02258777618408203
0.0225677490234375
0.016877412796020508
0.029540538787841797
0.02357029914855957
0.025892972946166992
0.023190975189208984
0.02389979362487793
0.024408340454101562
0.02172231674194336
0.023394346237182617
0.022746801376342773
0.020913124084472656
0.022421598434448242
0.017062664031982422
0.023488998413085938
0.030210018157958984
0.02489638328552246
0.02711653709411621
0.02419590950012207
0.026291370391845703
0.01852273941040039
0.024715900421142578
0.02587604522705078
0.023645877838134766
0.025481700897216797
0.017969369888305664
0.0247957706451416
0.026897430419921875
0.027892112731933594
0.027373313903808594
0.02394390106201172
0.02711200714111328
0.022735595703125
0.029625654220581055
0.022478818893432617
0.022487401962280273
0.025747299194335938
0.021979331970214844
0.022531986236572266
0.026458024978637695
0.02241206169128418
0.02391219139099121
0.021724462509155273
0.021285295486450195
0.02462172508239746
0.02400040626525879
0.025286197662353516
0.021734952926635742
0.023807525634765625
0.024579763412475586
0.02542281150817871
0.023207426071166992
0.017433881759643555
0.022849321365356445
0.024127960205078125
0.022906780242919922
0.027292966842651367
0.02606654167175293
0.024639368057250977
0.026520490646362305
0.024883270263671875
0.02490687370300293
0.0239717960357666
0.02228569984436035
0.021472692489624023
0.02823472023010254
0.023816823959350586
0.02304983139038086
0.02392864227294922
0.027434349060058594
0.024548768997192383
0.023468971252441406
0.030711650848388672
0.023942947387695312
0.021121978759765625
0.022079944610595703
0.027273178100585938
0.027509212493896484
0.02401280403137207
0.02527928352355957
0.02766704559326172
0.03112339973449707
0.022207975387573242
0.02331686019897461
0.025873422622680664
0.02086496353149414
0.020259380340576172
0.02282857894897461
0.021819591522216797
0.023398160934448242
0.022931814193725586
0.023339271545410156
0.023128032684326172
0.022691726684570312
0.022394418716430664
0.021375656127929688
0.025272369384765625
0.023380279541015625
0.027849674224853516
0.02740025520324707
0.02381110191345215
0.02199864387512207
0.02356266975402832
0.02219557762145996
0.023034095764160156
0.02255105972290039
0.025194406509399414
0.02434062957763672
0.027346372604370117
0.022794246673583984
0.022507905960083008
0.02141118049621582
0.02492976188659668
0.02102065086364746
0.020007610321044922
0.018510103225708008
0.0263669490814209
0.02204585075378418
0.026793718338012695
0.024432897567749023
0.02596426010131836
0.028835773468017578
0.026894330978393555
0.02589869499206543
0.026153564453125
0.021970033645629883
0.025663375854492188
0.025370359420776367
0.022910594940185547
0.026792287826538086
0.021904468536376953
0.020914793014526367
0.022883176803588867
0.023128747940063477
0.020429372787475586
0.024916648864746094
0.028496265411376953
0.026900529861450195
0.025430917739868164
0.02604508399963379
0.027617454528808594
0.028809309005737305
0.03053879737854004
0.020349740982055664
0.02802419662475586
0.023136615753173828
0.024095535278320312
0.026374101638793945
0.0234067440032959
0.021028757095336914
0.022043943405151367
0.021938085556030273
0.02211737632751465
0.022461652755737305
0.024530887603759766
0.030318498611450195
0.024780988693237305
0.02092266082763672
0.02794051170349121
0.030036211013793945
0.021750211715698242
0.02593994140625
0.02299332618713379
0.025908470153808594
0.023528099060058594
0.026901960372924805
0.022194862365722656
0.022495269775390625
0.025166988372802734
0.02221393585205078
0.019130229949951172
0.02813577651977539
0.02223515510559082
0.023500442504882812
0.025889158248901367
0.0179293155670166
0.018045902252197266
0.021930932998657227
0.019633054733276367
0.023778438568115234
0.023491621017456055
0.024538040161132812
0.02712726593017578
0.030925512313842773
0.02543497085571289
0.02635931968688965
0.025023460388183594
0.021558761596679688
0.025011539459228516
0.031023502349853516
0.02607131004333496
0.026447057723999023
0.024918794631958008
0.024146318435668945
0.025480270385742188
0.02406001091003418
0.024527311325073242
0.02493882179260254
0.024692058563232422
0.022443771362304688
0.02183222770690918
0.023883342742919922
0.02704310417175293
0.027894258499145508
0.020440340042114258
0.0249330997467041
0.025276660919189453
0.024178504943847656
0.02341461181640625
0.020999670028686523
0.025982141494750977
0.02470254898071289
0.025902986526489258
0.026407241821289062
0.02684473991394043
0.022576570510864258
0.023899555206298828
0.022536277770996094
0.020502090454101562
0.021541357040405273
0.022904157638549805
0.025638103485107422
0.026338815689086914
0.025651216506958008
0.02340245246887207
0.02392411231994629
0.025081396102905273
0.025149106979370117
0.028360605239868164
0.02370309829711914
0.02805924415588379
0.026550769805908203
0.023400068283081055
0.02545022964477539
0.022934913635253906
0.024136066436767578
0.024636268615722656
0.022395849227905273
0.021404743194580078
0.024961471557617188
0.019428491592407227
0.019552946090698242
0.01806473731994629
0.026185035705566406
0.0216066837310791
0.019983768463134766
0.028718948364257812
0.022335290908813477
0.024391889572143555
0.023822784423828125
0.017980337142944336
0.021418333053588867
0.022858381271362305
0.023062944412231445
0.024441003799438477
0.023502111434936523
0.020443201065063477
0.023537874221801758
0.02371525764465332
0.02331256866455078
0.022418498992919922
0.023529767990112305
0.023463964462280273
0.022962331771850586
0.021931171417236328
0.02252054214477539
0.02264404296875
0.024457931518554688
0.020415067672729492
0.02295970916748047
0.02205181121826172
0.02350330352783203
0.022890090942382812
0.023012638092041016
0.023683786392211914
0.02169060707092285
0.022891521453857422
0.023394346237182617
0.02314472198486328
0.02587604522705078
0.021357297897338867
0.021246671676635742
0.02588510513305664
0.0253751277923584
0.0251924991607666
0.023413658142089844
0.022779464721679688
0.024200439453125
0.023784875869750977
0.023560047149658203
0.021817922592163086
0.025499343872070312
0.02586960792541504
0.022647619247436523
0.02440190315246582
0.024139404296875
0.02270817756652832
0.033148765563964844
0.025907039642333984
0.02953314781188965
0.01789259910583496
0.018429040908813477
0.026432037353515625
0.0234224796295166
0.023153305053710938
0.020543575286865234
0.024874448776245117
0.025136232376098633
0.02489018440246582
0.024634838104248047
0.02789592742919922
0.021889448165893555
0.021489858627319336
0.022698402404785156
0.02394700050354004
0.022558212280273438
0.024088144302368164
0.023040771484375
0.024399518966674805
0.02189159393310547
0.02374100685119629
0.026564359664916992
0.02252197265625
0.0254209041595459
0.024025917053222656
0.02445840835571289
0.024532794952392578
0.021939516067504883
0.021538734436035156
0.024158239364624023
0.0254058837890625
0.02781987190246582
0.03046393394470215
0.020980119705200195
0.02506399154663086
0.021610260009765625
0.02442193031311035
0.0249173641204834
0.024545669555664062
0.024047374725341797
0.027535676956176758
0.025837182998657227
0.015596866607666016
0.01594829559326172
0.015505790710449219
0.01605677604675293
0.019559621810913086
0.01750636100769043
0.0184781551361084
0.01934814453125
0.01791095733642578
0.014927387237548828
0.019097328186035156
0.014929533004760742
0.016355276107788086
0.015431404113769531
0.0209805965423584
0.01744842529296875
0.017918825149536133
0.01656365394592285
0.017148494720458984
0.018082618713378906
0.01954817771911621
0.014821529388427734
0.01618194580078125
0.017843008041381836
0.016178369522094727
0.01757502555847168
0.01543736457824707
0.017926692962646484
0.015030384063720703
0.014514446258544922
0.019497394561767578
0.01745319366455078
0.018053770065307617
0.017019033432006836
0.020919084548950195
0.01814103126525879
0.015705108642578125
0.01636505126953125
0.01743149757385254
0.017563581466674805
0.016587018966674805
0.01941847801208496
0.014580488204956055
0.015038490295410156
0.018019676208496094
0.017451763153076172
0.01606607437133789
0.017006397247314453
0.01701807975769043
0.014407157897949219
0.015910863876342773
0.017296552658081055
0.015929698944091797
0.015081167221069336
0.017504453659057617
0.018903255462646484
0.018674135208129883
0.016048669815063477
0.01851630210876465
0.016928434371948242
0.017022132873535156
0.018025875091552734
0.01561117172241211
0.01990818977355957
0.019971370697021484
0.019191265106201172
0.018313884735107422
0.016006946563720703
0.017565250396728516
0.015681743621826172
0.016312360763549805
0.01645493507385254
0.020035743713378906
0.01790475845336914
0.017901182174682617
0.018954038619995117
0.017918825149536133
0.017444372177124023
0.01552891731262207
0.014919042587280273
0.01658916473388672
0.01993846893310547
0.01758885383605957
0.018011808395385742
0.019031047821044922
0.02010178565979004
0.01631617546081543
0.0169370174407959
0.015015602111816406
0.014491558074951172
0.014506101608276367
0.015596866607666016
0.016408920288085938
0.017559528350830078
0.014998674392700195
0.015460729598999023
0.01612067222595215
0.01744556427001953
0.013441324234008789
0.01556253433227539
0.014920949935913086
0.016031980514526367
0.01750659942626953
0.016997337341308594
0.0169832706451416
0.016546964645385742
0.01752781867980957
0.01658320426940918
0.01602482795715332
0.017604351043701172
0.01746511459350586
0.016568660736083984
0.014923810958862305
Average: 0.023693