0.16588759422302246
0.42856597900390625
0.2588462829589844
0.27652859687805176
0.2408151626586914
0.3025984764099121
0.32500123977661133
0.24796438217163086
0.1558380126953125
0.2519190311431885
0.2900655269622803
0.4235057830810547
0.1964104175567627
0.3944563865661621
0.24942493438720703
0.21068143844604492
0.386915922164917
0.3338475227355957
0.14656496047973633
0.317155122756958
0.2330927848815918
0.11331033706665039
0.2789945602416992
0.39839982986450195
0.19039511680603027
0.2378854751586914
0.10641765594482422
0.3956148624420166
0.26700687408447266
0.22012996673583984
0.10944628715515137
0.27995920181274414
0.23843979835510254
0.2187042236328125
0.27956295013427734
0.2468888759613037
0.23854494094848633
0.2505662441253662
0.3983438014984131
0.2550239562988281
0.2153921127319336
0.21941757202148438
0.2204124927520752
0.22995877265930176
0.2479703426361084
0.3138861656188965
0.23185181617736816
0.4161713123321533
0.17708206176757812
0.309917688369751
0.20145153999328613
0.301624059677124
0.15621280670166016
0.3365201950073242
0.4236128330230713
0.25600719451904297
0.19405198097229004
0.29203176498413086
0.3814816474914551
0.28509044647216797
0.16639447212219238
0.3229680061340332
0.19242525100708008
0.18105769157409668
0.17633485794067383
0.3557262420654297
0.15595483779907227
0.4032595157623291
0.26145410537719727
0.1263880729675293
0.23480582237243652
0.18701577186584473
0.20127129554748535
0.39644360542297363
0.15560555458068848
0.24748706817626953
0.1463618278503418
0.2804296016693115
0.29573607444763184
0.16845965385437012
0.23130273818969727
0.2452840805053711
0.13529324531555176
0.2853538990020752
0.16455817222595215
0.12655901908874512
0.30052876472473145
0.31311774253845215
0.2464766502380371
0.19355463981628418
0.3395407199859619
0.40433168411254883
0.20462989807128906
0.20449399948120117
0.2816941738128662
0.34041404724121094
0.17404794692993164
0.4050579071044922
0.19517254829406738
0.4059739112854004
0.28847551345825195
0.31778430938720703
0.25824475288391113
0.21707606315612793
0.3240940570831299
0.242844820022583
0.2485029697418213
0.1962265968322754
0.2199850082397461
0.25998425483703613
0.2343900203704834
0.27208638191223145
0.4057643413543701
0.29169631004333496
0.2936058044433594
0.3059413433074951
0.2306385040283203
0.20478296279907227
0.23399972915649414
0.11493039131164551
0.23305010795593262
0.33780932426452637
0.23151659965515137
0.18196368217468262
0.243455171585083
0.3843965530395508
0.3109760284423828
0.25439453125
0.2920033931732178
0.26042699813842773
0.20833802223205566
0.17484545707702637
0.3525261878967285
0.24662113189697266
0.1538395881652832
0.36651062965393066
0.1799778938293457
0.17187023162841797
0.26946067810058594
0.35294294357299805
0.3408937454223633
0.2659952640533447
0.2532920837402344
0.293290376663208
0.23233699798583984
0.1411128044128418
0.2782278060913086
0.258481502532959
0.29686760902404785
0.3574562072753906
0.2559685707092285
0.27399730682373047
0.3667593002319336
0.22104263305664062
0.1820385456085205
0.24003076553344727
0.30853748321533203
0.3821990489959717
0.12664461135864258
0.16579413414001465
0.27886271476745605
0.3258063793182373
0.21255803108215332
0.2563166618347168
0.3511049747467041
0.3260645866394043
0.22145843505859375
0.26912784576416016
0.27343082427978516
0.4004819393157959
0.20507168769836426
0.27600836753845215
0.2275252342224121
0.3780214786529541
0.2898263931274414
0.25147223472595215
0.21609210968017578
0.3605639934539795
0.30138325691223145
0.27851247787475586
0.2904677391052246
0.18159842491149902
0.33367395401000977
0.29564476013183594
0.3334660530090332
0.20257043838500977
0.27689027786254883
0.321181058883667
0.20181822776794434
0.2554953098297119
0.28740453720092773
0.22342753410339355
0.3385152816772461
0.2634732723236084
0.4107239246368408
0.29967427253723145
0.23104405403137207
0.19360136985778809
0.259854793548584
0.2650778293609619
0.22954225540161133
0.14914178848266602
0.25086450576782227
0.20067453384399414
0.35427212715148926
0.2914760112762451
0.24559783935546875
0.22206401824951172
0.2836275100708008
0.249647855758667
0.17302322387695312
0.20355916023254395
0.21017742156982422
0.18935632705688477
0.21445202827453613
0.33800411224365234
0.18736672401428223
0.17471575736999512
Average: 0.260388